3584472344.008000	28.529747	28.864604	28.828214	28.914083	28.785439	29.225638	31.234466	31.772345	32.969725	34.133907	40.089525	42.010887	39.551964	35.496322
3584472344.506000	28.401102	28.854709	28.785439	28.882800	28.724468	29.116785	31.120825	31.755746	32.972918	34.196793	40.084736	41.951513	39.497379	35.563996
3584472345.012000	28.544750	28.861412	28.785439	28.945366	28.772351	29.195951	31.173496	31.714567	32.938442	34.114116	40.176990	41.920230	39.497379	35.568784
3584472345.500000	28.470372	28.848005	28.754156	28.952070	28.829810	29.201058	31.133913	31.823420	32.938442	34.140611	40.122723	42.017591	39.573352	35.512921
3584472346.011000	28.468776	28.823425	28.836513	28.879288	28.745856	29.146472	31.135509	31.825016	32.938442	34.145718	40.140599	41.931722	39.522277	35.545801
3584472346.510000	28.549538	28.848005	28.768840	28.895888	28.796931	29.131788	31.194883	31.762450	32.956318	34.120819	40.167094	41.946725	39.558668	35.562400
3584472347.008000	28.508359	28.914083	28.853113	28.953666	28.848005	29.205847	31.194883	31.803628	32.946423	34.139015	40.160391	42.037382	39.509190	35.600387
3584472347.505000	28.559434	28.826618	28.863008	28.907379	28.813530	29.113593	31.147320	31.777133	32.910351	34.188493	40.203485	41.943533	39.580056	35.573892
3584472348.005000	28.488568	28.859497	28.854709	28.899080	28.826618	29.128596	31.157216	31.767238	32.918651	34.142207	40.226468	42.032594	39.599847	35.554100
3584472348.505000	28.503252	28.863008	28.877692	28.973457	28.796931	29.174563	31.130721	31.796925	32.887048	34.064637	40.139003	41.968112	39.603039	35.623370
3584472349.005000	28.506763	28.891099	28.796931	28.918871	28.735960	29.128596	31.183391	31.731166	32.969725	34.104220	40.170286	42.060366	39.594739	35.610282
3584472349.502000	28.471968	28.844813	28.803634	28.915679	28.813530	29.169775	31.147320	31.721271	32.995901	34.119223	40.137407	41.978008	39.596336	35.534309
3584472350.003000	28.521447	28.923979	28.851517	28.968350	28.805230	29.207762	31.163600	31.821824	32.877153	34.040057	40.167094	41.994607	39.535365	35.548993
3584472350.509000	28.518255	28.834917	28.795334	28.915679	28.828214	29.275116	31.165196	31.849915	32.921843	34.107731	40.168690	41.994607	39.553561	35.524413
3584472351.014000	28.546346	28.836513	28.838109	28.958454	28.758944	29.210954	31.132317	31.757342	32.913543	34.091132	40.167094	42.017591	39.441516	35.524413
3584472351.504000	28.480268	28.849601	28.823425	28.923979	28.767243	29.153176	31.139020	31.741062	32.883856	34.101028	40.061434	41.996203	39.608147	35.567188
3584472352.013000	28.493356	28.863008	28.848005	28.894292	28.816722	29.176159	31.244362	31.731166	32.931739	34.139015	40.190078	41.991096	39.568564	35.580595
3584472352.509000	28.500059	28.857901	28.805230	29.014636	28.767243	29.163072	31.178603	31.844807	32.921843	34.081236	40.119212	42.044086	39.556753	35.601983
3584472353.003000	28.486972	28.892695	28.813530	28.889184	28.853113	29.169775	31.191691	31.825016	32.987921	34.096240	40.056645	42.088457	39.571756	35.601983
3584472353.505000	28.465584	28.841621	28.831725	28.905783	28.821829	29.136577	31.163600	31.800436	32.989517	34.101028	40.148899	42.060366	39.606231	35.548993
3584472353.983000	28.534854	28.897484	28.897484	28.905783	28.815126	29.133384	31.211482	31.849915	32.991113	34.148910	40.170286	42.088457	39.599847	35.590491
3584472354.504000	28.468776	28.884396	28.877692	28.993249	28.810018	29.181267	31.280752	31.882794	32.913543	34.078044	40.231576	42.053981	39.632726	35.646354
3584472355.012000	28.506763	28.846409	28.839706	29.003144	28.851517	29.225638	31.209886	31.866195	32.859277	34.069745	40.152410	42.058770	39.571756	35.578680
3584472355.510000	28.516659	28.843217	28.802038	28.968350	28.803634	29.125085	31.226485	31.874494	32.933335	34.059849	40.219765	42.068665	39.612935	35.585383
3584472356.007000	28.485375	28.894292	28.793738	28.927171	28.777139	29.136577	31.170303	31.805224	32.926631	34.124011	40.158795	42.032594	39.538877	35.626562
3584472356.504000	28.574437	28.819914	28.810018	28.950474	28.819914	29.133384	31.140616	31.778730	32.855765	34.102624	40.168690	42.038978	39.583248	35.653057
3584472357.010000	28.470372	28.861412	28.768840	28.891099	28.819914	29.158283	31.209886	31.788625	32.885452	34.125927	40.170286	42.048874	39.551964	35.611878
3584472357.512000	28.509955	28.859497	28.834917	28.946962	28.839706	29.115189	31.127528	31.813524	32.968129	34.082832	40.167094	42.024294	39.619638	35.649865
3584472358.002000	28.508359	28.897484	28.796931	28.953666	28.853113	29.105293	31.163600	31.808417	32.842677	34.101028	40.158795	42.067069	39.604635	35.631670
3584472358.511000	28.515063	28.849601	28.834917	28.994845	28.838109	29.120297	31.104226	31.760853	32.921843	34.112520	40.190078	42.065473	39.609743	35.613474
3584472359.003000	28.549538	28.891099	28.834917	28.983353	28.760540	29.116785	31.133913	31.772345	32.902052	34.096240	40.119212	42.055578	39.545261	35.694236
3584472359.506000	28.455688	28.877692	28.839706	28.984949	28.833321	29.103697	31.137424	31.757342	32.817778	34.092728	40.155602	42.085265	39.679013	35.618263
3584472360.005000	28.462073	28.848005	28.727661	28.983353	28.871308	29.054219	31.102630	31.678176	32.783303	34.079640	40.165498	42.060366	39.627938	35.720731
3584472360.513000	28.542834	28.894292	28.798527	28.960369	28.882800	29.174563	31.127528	31.711375	32.844273	34.112520	40.188482	42.111760	39.624427	35.707324
3584472361.006000	28.490164	28.907379	28.818318	28.940578	28.843217	29.108805	31.165196	31.737551	32.875557	34.109327	40.185290	42.108248	39.631130	35.654653
3584472361.514000	28.536450	28.905783	28.800123	29.019743	28.816722	29.172967	31.181795	31.693180	32.812990	34.096240	40.206677	42.152939	39.683801	35.737011
3584472362.001000	28.473564	28.838109	28.762455	28.938663	28.849601	29.055815	31.125613	31.709460	32.753616	34.117627	40.208273	42.090053	39.642622	35.681148
3584472362.512000	28.547942	28.891099	28.825022	28.938663	28.885992	29.098909	31.162004	31.731166	32.845869	34.087940	40.185290	42.076965	39.589951	35.719135
3584472363.005000	28.505167	28.930682	28.780331	28.998037	28.885992	29.019743	31.094330	31.721271	32.768300	34.107731	40.261263	42.143043	39.728491	35.761910
3584472363.497000	28.541238	28.872904	28.836513	28.984949	28.866200	29.087098	31.122421	31.684880	32.750424	34.191685	40.231576	42.171134	39.721788	35.750418
3584472364.015000	28.524958	28.882800	28.800123	28.963561	28.823425	29.136577	31.076135	31.658385	32.735421	34.086344	40.165498	42.118144	39.627938	35.712431
3584472364.474000	28.544750	28.876096	28.836513	28.976649	28.853113	29.075606	31.129124	31.739147	32.725525	34.092728	40.083140	42.073773	39.680609	35.743715
3584472365.014000	28.539642	28.869393	28.849601	28.961965	28.881204	29.128596	31.110929	31.671792	32.786495	34.130715	40.236364	42.139531	39.761370	35.826072
3584472365.514000	28.486972	28.853113	28.841621	28.950474	28.819914	29.168179	31.127528	31.764046	32.791603	34.195197	40.190078	42.121655	39.713488	35.827988
3584472366.015000	28.505167	28.866200	28.810018	28.975053	28.803634	29.093802	31.143808	31.676580	32.766704	34.076448	40.266051	42.108248	39.655710	35.791597
3584472366.513000	28.519851	28.861412	28.782247	28.970265	28.874500	29.085502	31.112525	31.757342	32.730632	34.122415	40.249452	42.109844	39.716999	35.864059
3584472367.012000	28.529747	28.889184	28.783843	29.045919	28.899080	29.186055	31.153704	31.820228	32.780111	34.147314	40.262859	42.128040	39.781162	35.883851
3584472367.511000	28.541238	28.831725	28.907379	28.981757	28.912487	29.115189	31.198394	31.762450	32.781707	34.107731	40.231576	42.114952	39.797761	35.784894
3584472368.005000	28.617212	28.923979	28.841621	29.006336	28.933874	29.178075	31.133913	31.783837	32.742124	34.125927	40.178586	42.124847	39.657625	35.735415
3584472368.511000	28.585929	28.902591	28.848005	29.024532	28.884396	29.128596	31.190095	31.780645	32.752020	34.137418	40.261263	42.154535	39.685397	35.804685
3584472369.015000	28.495271	28.928767	28.887588	29.032831	28.871308	29.158283	31.139020	31.793733	32.710841	34.124011	40.191993	42.082072	39.632726	35.811388
3584472369.515000	28.582417	28.952070	28.825022	28.999952	28.899080	29.164668	31.162004	31.820228	32.707330	34.181789	40.196781	42.057174	39.715084	35.794789
3584472370.002000	28.551134	28.887588	28.866200	29.036024	28.841621	29.197866	31.135509	31.805224	32.681154	34.139015	40.144111	42.139531	39.688908	35.758718
3584472370.514000	28.516659	28.866200	28.874500	28.955262	28.912487	29.215742	31.203183	31.831719	32.689134	34.096240	40.237960	42.187414	39.683801	35.826072
3584472371.011000	28.574437	28.884396	28.884396	29.019743	28.907379	29.176159	31.155300	31.808417	32.691050	34.140611	40.186886	42.128040	39.698804	35.774998
3584472371.510000	28.557838	28.915679	28.836513	28.937066	28.871308	29.182863	31.162004	31.772345	32.643167	34.139015	40.224872	42.083669	39.759774	35.816177
3584472372.014000	28.523043	28.907379	28.792142	29.047515	28.849601	29.242237	31.171899	31.803628	32.708926	34.161998	40.249452	42.159323	39.644218	35.834372
3584472372.515000	28.478672	28.867797	28.897484	28.971861	28.839706	29.138492	31.155300	31.778730	32.727121	34.097836	40.139003	42.045682	39.683801	35.791597
3584472373.006000	28.546346	28.869393	28.831725	29.016232	28.874500	29.201058	31.129124	31.861407	32.707330	34.186897	40.208273	42.027487	39.669117	35.730627
3584472373.510000	28.556241	28.935470	28.889184	29.060922	28.869393	29.257240	31.252661	31.747446	32.718821	34.158806	40.182097	42.072177	39.631130	35.756802
3584472374.014000	28.582417	28.927171	28.829810	29.054219	28.831725	29.265221	31.211482	31.821824	32.766704	34.155614	40.196781	42.037382	39.670713	35.780105
3584472374.502000	28.536450	28.869393	28.869393	28.956858	28.876096	29.243833	31.234466	31.859810	32.776600	34.056657	40.209869	42.007695	39.611339	35.722327
3584472375.012000	28.528150	28.892695	28.818318	28.984949	28.882800	29.265221	31.310439	31.777133	32.773407	34.127523	40.180182	41.915442	39.695293	35.758718
3584472375.514000	28.513147	28.887588	28.877692	28.956858	28.881204	29.214146	31.234466	31.864599	32.760320	34.129119	40.148899	41.935233	39.641026	35.705728
3584472376.014000	28.443877	28.869393	28.881204	28.963561	28.908975	29.169775	31.168707	31.897478	32.780111	34.196793	40.134215	41.951513	39.608147	35.659761
3584472376.505000	28.542834	28.889184	28.825022	28.983353	28.823425	29.262029	31.266068	31.938976	32.817778	34.133907	40.219765	42.025890	39.596336	35.608367
3584472377.014000	28.528150	28.942174	28.805230	28.981757	28.825022	29.205847	31.287456	31.800436	32.766704	34.117627	40.139003	41.938425	39.556753	35.639969
3584472377.505000	28.551134	28.892695	28.816722	29.014636	28.863008	29.245429	31.325442	31.919185	32.816182	34.161998	40.076437	41.946725	39.571756	35.641565
3584472378.015000	28.544750	28.897484	28.843217	28.986545	28.869393	29.224042	31.249469	31.841615	32.837570	34.191685	40.147303	41.979604	39.553561	35.631670
3584472378.512000	28.529747	28.925575	28.857901	29.004740	28.874500	29.229149	31.231274	31.884390	32.832782	34.120819	40.071329	41.940021	39.492590	35.634862
3584472379.012000	28.529747	28.879288	28.846409	28.998037	28.863008	29.230745	31.359918	31.895882	32.781707	34.161998	40.165498	41.963324	39.589951	35.588576
3584472379.506000	28.541238	28.938663	28.849601	29.007932	28.839706	29.309911	31.341723	31.877687	32.814586	34.117627	40.209869	41.963324	39.578459	35.583787
3584472380.008000	28.541238	28.894292	28.851517	28.975053	28.930682	29.390673	31.435891	32.001542	32.882260	34.155614	40.058241	41.971304	39.479502	35.575488
3584472380.509000	28.491760	28.918871	28.787035	29.070818	28.927171	29.233938	31.399501	31.953660	32.841081	34.147314	40.096228	41.958217	39.515574	35.494726
3584472381.007000	28.551134	28.834917	28.775543	28.999952	28.963561	29.319807	31.391201	31.965152	32.877153	34.140611	40.158795	41.991096	39.525470	35.446843
3584472381.505000	28.541238	28.872904	28.902591	28.935470	28.851517	29.360986	31.386413	31.925569	32.859277	34.129119	40.167094	41.953428	39.546857	35.562400
3584472382.015000	28.495271	28.894292	28.838109	28.980161	28.864604	29.369285	31.450575	31.976644	32.872364	34.142207	40.142515	41.867559	39.477587	35.459931
3584472382.512000	28.539642	28.907379	28.838109	29.003144	28.810018	29.397376	31.483774	31.990051	32.936527	34.155614	40.186886	41.895650	39.566648	35.479723
3584472383.011000	28.551134	28.846409	28.831725	28.994845	28.902591	29.341194	31.417696	31.920781	32.913543	34.170298	40.109316	41.955024	39.431620	35.516113
3584472383.505000	28.531343	28.877692	28.844813	29.037620	28.857901	29.306719	31.465578	32.059321	32.972918	34.135822	40.186886	41.885755	39.461307	35.471742
3584472384.010000	28.566137	28.899080	28.885992	28.980161	28.864604	29.417168	31.498458	31.943764	32.913543	34.205092	40.064945	41.890543	39.456200	35.456739
3584472384.512000	28.536450	28.927171	28.859497	28.994845	28.905783	29.448451	31.416100	32.001542	32.926631	34.171894	40.154006	41.887351	39.439920	35.461847
3584472385.004000	28.561030	28.895888	28.831725	29.009848	28.945366	29.491226	31.485370	32.008246	33.001009	34.183386	40.162306	41.925337	39.469607	35.430244
3584472385.508000	28.523043	28.923979	28.844813	29.083906	28.925575	29.469838	31.556236	32.031230	32.928546	34.155614	40.183693	41.943533	39.453007	35.499514
3584472386.014000	28.546346	28.914083	28.770436	29.001548	28.907379	29.491226	31.481858	32.044317	33.012500	34.177001	40.152410	41.983115	39.507274	35.479723
3584472386.515000	28.516659	28.975053	28.841621	29.037620	28.872904	29.540704	31.566132	32.085496	32.991113	34.173490	40.195185	41.913846	39.492590	35.451951
3584472386.999000	28.542834	28.877692	28.849601	29.007932	28.899080	29.588587	31.546340	32.036018	33.001009	34.193281	40.145707	41.920230	39.461307	35.349483
3584472387.512000	28.628704	28.933874	28.881204	29.032831	28.983353	29.657857	31.547936	32.111991	33.029100	34.236375	40.158795	41.905546	39.464499	35.516113
3584472388.011000	28.580821	28.882800	28.823425	29.013040	28.980161	29.676052	31.516653	32.125079	32.964618	34.234779	40.130704	41.910334	39.461307	35.370870
3584472388.505000	28.524958	28.960369	28.783843	29.055815	28.889184	29.567199	31.561024	32.075601	32.938442	34.209881	40.104528	41.870751	39.456200	35.410453
3584472389.008000	28.532939	28.960369	28.843217	29.079118	28.869393	29.571988	31.589115	32.130187	33.027504	34.165509	40.150495	41.872347	39.481098	35.451951
3584472389.500000	28.584333	28.946962	28.917275	29.069222	28.927171	29.601675	31.612418	32.128591	33.063575	34.201581	40.162306	41.900438	39.420128	35.417156
3584472390.012000	28.542834	28.928767	28.940578	29.052623	28.999952	29.588587	31.559428	32.108799	33.103158	34.267659	40.185290	41.900438	39.467691	35.319795
3584472390.505000	28.518255	28.988141	28.882800	29.017828	28.879288	29.636469	31.627102	32.154766	33.094858	34.264467	40.139003	41.941617	39.410232	35.412368
3584472391.001000	28.576033	28.963561	28.869393	29.014636	28.928767	29.616678	31.610503	32.217652	33.091666	34.267659	40.163902	41.879051	39.408317	35.366082
3584472391.500000	28.557838	28.917275	28.980161	29.125085	28.978245	29.575499	31.607310	32.224036	33.185835	34.277554	40.158795	41.941617	39.426513	35.360974
3584472392.015000	28.516659	28.907379	28.895888	29.011444	28.914083	29.570392	31.592626	32.192753	33.119757	34.289046	40.172202	41.864367	39.413425	35.352994
3584472392.503000	28.528150	28.991652	28.889184	29.095398	28.922383	29.588587	31.636998	32.158278	33.122949	34.218180	40.203485	41.856067	39.390441	35.360974
3584472393.010000	28.508359	28.923979	28.846409	28.988141	28.932278	29.564007	31.661896	32.187965	33.149444	34.259359	40.160391	41.821273	39.289569	35.263933
3584472393.505000	28.526554	28.933874	28.882800	29.045919	28.857901	29.555708	31.653597	32.140082	33.170832	34.282343	40.168690	41.821273	39.372246	35.281809
3584472394.013000	28.566137	28.889184	28.871308	28.968350	28.897484	29.506229	31.683284	32.113587	33.166043	34.304049	40.183693	41.819677	39.355646	35.344694
3584472394.504000	28.516659	28.925575	28.930682	28.991652	28.952070	29.512613	31.635401	32.164662	33.137952	34.292238	40.231576	41.905546	39.306168	35.291704
3584472395.003000	28.518255	28.887588	28.891099	29.004740	28.861412	29.529213	31.623910	32.171366	33.136356	34.320329	40.155602	41.895650	39.324363	35.182852
3584472395.514000	28.549538	28.952070	28.918871	29.121893	28.968350	29.516125	31.650085	32.138486	33.177535	34.232864	40.158795	41.869155	39.347347	35.306708
3584472396.015000	28.608912	28.908975	28.942174	28.988141	28.884396	29.520913	31.684880	32.087412	33.118161	34.211477	40.205081	41.832765	39.345751	35.227542
3584472396.510000	28.528150	28.948558	28.928767	29.013040	28.887588	29.494737	31.592626	32.220844	33.136356	34.277554	40.193589	41.892139	39.316064	35.222434
3584472397.004000	28.549538	28.853113	28.839706	29.062518	28.881204	29.377585	31.689668	32.154766	33.149444	34.368212	40.191993	41.811377	39.299464	35.174871
3584472397.505000	28.569329	28.871308	28.841621	29.011444	28.863008	29.466646	31.632209	32.179665	33.116565	34.312030	40.097824	41.826380	39.243602	35.155080
3584472398.014000	28.430790	28.825022	28.701166	28.994845	28.803634	29.351090	31.559428	32.102096	33.141145	34.282343	40.063349	41.752003	39.248390	35.073999
3584472398.504000	28.473564	28.811934	28.706273	28.891099	28.724468	29.230745	31.447383	32.034422	33.068682	34.266063	40.056645	41.684329	39.137941	35.102090
3584472399.015000	28.384503	28.740748	28.599016	28.816722	28.590717	29.220850	31.348426	31.998350	33.042187	34.213073	39.975884	41.686244	39.139537	34.947270
3584472399.504000	28.483460	28.686482	28.501656	28.813530	28.584333	29.136577	31.320335	31.933869	33.025588	34.196793	40.093036	41.600375	39.182631	35.013029
3584472400.013000	28.366627	28.691270	28.496867	28.684886	28.546346	29.064115	31.323527	31.891094	32.954722	34.196793	40.038450	41.641554	39.045688	34.971850
3584472400.500000	28.371415	28.658391	28.422490	28.711061	28.483460	29.039535	31.190095	31.859810	32.951530	34.214988	39.987375	41.555685	39.020789	34.947270
3584472401.011000	28.328640	28.615616	28.407806	28.623915	28.505167	29.085502	31.086030	31.816716	32.930143	34.167106	39.912998	41.525998	38.999401	34.849909
3584472401.512000	28.323533	28.559434	28.443877	28.684886	28.353220	29.006336	31.087946	31.818312	32.972918	34.173490	39.954496	41.509718	38.854158	34.872893
3584472402.014000	28.244367	28.526554	28.333429	28.534854	28.327044	28.882800	31.023464	31.688072	32.841081	34.106135	39.817552	41.354579	38.733813	34.731161
3584472402.506000	28.257774	28.477076	28.262563	28.544750	28.344920	28.863008	30.988989	31.666685	32.895348	34.071341	39.792654	41.371178	38.651455	34.755740
3584472403.014000	28.216276	28.490164	28.226172	28.532939	28.366627	28.788631	30.931210	31.557832	32.783303	34.079640	39.762966	41.306696	38.611873	34.589109
3584472403.505000	28.209892	28.433982	28.232875	28.453773	28.214680	28.716169	30.825550	31.526549	32.761916	33.990579	39.619638	41.199440	38.443646	34.627096
3584472404.012000	28.173501	28.452177	28.228087	28.470372	28.254263	28.656795	30.812462	31.457279	32.770215	34.015159	39.570160	41.151876	38.339581	34.455677
3584472404.503000	28.170309	28.410998	28.247879	28.401102	28.203188	28.679778	30.724997	31.420888	32.768300	34.058253	39.461307	41.036320	38.250520	34.323841
3584472405.014000	28.135514	28.426001	28.162009	28.460477	28.095932	28.643707	30.703609	31.450575	32.691050	33.972384	39.415021	40.993545	38.036326	34.282343
3584472405.504000	28.198400	28.350028	28.143814	28.313637	28.166798	28.564541	30.687010	31.416100	32.646359	33.855231	39.345751	40.818615	37.933857	34.148910
3584472406.008000	28.231279	28.336940	28.135514	28.396314	28.184993	28.524958	30.695310	31.374921	32.633271	33.909817	39.202423	40.694759	37.722855	34.148910
3584472406.513000	28.156902	28.302145	28.091143	28.440685	28.069756	28.509955	30.620932	31.338530	32.608373	33.924501	39.172736	40.640492	37.665077	34.025054
3584472407.003000	28.104231	28.259370	28.089547	28.381311	28.095932	28.480268	30.558366	31.353214	32.633271	33.871831	39.034196	40.469073	37.543137	33.805753
3584472407.503000	28.137111	28.257774	28.040069	28.272458	28.102635	28.465584	30.576561	31.298948	32.638060	33.781173	38.958222	40.353516	37.363418	33.822352
3584472408.001000	28.084440	28.272458	28.013574	28.280758	28.053157	28.460477	30.523890	31.343319	32.609969	33.805753	38.821278	40.203485	37.249458	33.665617
3584472408.512000	28.107423	28.260966	27.983887	28.302145	27.998571	28.493356	30.498992	31.300544	32.615076	33.731695	38.668055	40.096228	37.035264	33.551976
3584472408.982000	28.082844	28.213084	27.962499	28.277566	28.006870	28.410998	30.510483	31.361514	32.643167	33.756274	38.774992	39.946197	36.868633	33.495794
3584472409.508000	28.094336	28.107423	27.927705	28.239579	27.952604	28.328640	30.461005	31.279156	32.684346	33.637526	38.583782	39.806061	36.660823	33.347358
3584472410.004000	28.049965	28.180205	27.914617	28.228087	27.916213	28.312041	30.432914	31.160408	32.586985	33.545272	38.423854	39.680609	36.504088	33.266596
3584472410.504000	28.067841	28.084440	27.936004	28.120831	27.894825	28.219788	30.327572	31.139020	32.560490	33.553572	38.352988	39.538877	36.264995	33.053679
3584472411.004000	28.018362	28.127215	27.901529	28.107423	27.823959	28.188504	30.337468	31.119229	32.633271	33.520373	38.260416	39.388526	36.202109	32.905244
3584472411.514000	28.030173	28.097528	27.860031	28.109339	27.850135	28.245963	30.258303	31.054747	32.453553	33.487494	38.220833	39.317660	35.982808	32.842677
3584472412.004000	28.030173	28.099443	27.878226	28.160413	27.845347	28.247879	30.241703	30.980689	32.400563	33.446315	38.051010	39.146241	35.852567	32.722333
3584472412.512000	27.990590	28.081248	27.833855	28.114127	27.769373	28.114127	30.083372	30.927699	32.420354	33.378641	37.953649	38.972906	35.651461	32.593689
3584472413.009000	27.958988	28.087632	27.853647	28.049965	27.868330	28.137111	30.103163	30.934403	32.260427	33.408329	37.788933	38.902040	35.572295	32.443657
3584472413.509000	27.967288	28.033365	27.830344	28.084440	27.815660	28.063052	30.070284	30.853641	32.336400	33.388537	37.772334	38.818086	35.468231	32.316609
3584472414.013000	27.941112	28.066245	27.777673	28.044857	27.733302	28.084440	30.025594	30.860344	32.250531	33.261489	37.708171	38.580589	35.280213	32.222440
3584472414.506000	28.023470	28.031769	27.738090	27.998571	27.795868	28.023470	29.878754	30.751492	32.263619	33.279684	37.572824	38.471737	35.153165	32.077516
3584472415.012000	28.020277	27.973991	27.784377	28.020277	27.785973	27.983887	29.832787	30.655727	32.062513	33.286388	37.506746	38.336389	35.097302	32.013034
3584472415.509000	27.960903	28.006870	27.789165	28.008466	27.753093	27.967288	29.880670	30.593160	31.914077	33.166043	37.421196	38.305106	34.937374	31.929080
3584472416.013000	28.040069	28.040069	27.734898	27.998571	27.652221	27.932812	29.809484	30.594756	31.948872	33.131249	37.325431	38.199445	34.767232	31.854703
3584472416.513000	28.049965	27.988675	27.743198	28.008466	27.719895	27.985483	29.760006	30.469304	31.831719	33.137952	37.254565	38.110384	34.691578	31.815120
3584472417.011000	27.936004	28.033365	27.690208	27.972395	27.639133	27.952604	29.667752	30.396842	31.745850	33.061979	37.132305	37.932261	34.546334	31.628698
3584472417.515000	28.005274	28.031769	27.657329	28.028258	27.690208	27.907913	29.717231	30.320869	31.732762	33.081770	37.089530	37.871291	34.454081	31.513461
3584472418.011000	28.015170	27.990590	27.691804	27.952604	27.635941	27.823959	29.619870	30.348960	31.628698	32.982813	37.005576	37.734347	34.368212	31.481858
3584472418.503000	27.975587	27.980695	27.652221	27.996975	27.654136	27.837047	29.537512	30.263091	31.531337	33.022396	36.899916	37.655182	34.274362	31.486966
3584472419.002000	27.876630	27.960903	27.650625	27.945900	27.629237	27.820448	29.478138	30.296289	31.524953	32.958234	36.884913	37.567716	34.224884	31.355130
3584472419.501000	27.921320	27.945900	27.695315	27.947496	27.640729	27.818852	29.466646	30.131254	31.491754	32.958234	36.710301	37.472271	34.148910	31.251065
3584472420.007000	27.970799	27.937600	27.582951	27.917809	27.565075	27.789165	29.405676	30.126147	31.495266	32.892156	36.654119	37.330219	33.942697	31.135509
3584472420.499000	27.988675	27.954200	27.591251	27.884930	27.594762	27.774481	29.450047	30.052089	31.345234	32.793199	36.550374	37.233178	33.975576	31.079646
3584472421.010000	27.931216	27.926109	27.629237	27.875034	27.602743	27.729791	29.354282	30.070284	31.254257	32.760320	36.461313	37.139009	33.809264	31.030167
3584472421.507000	27.958988	27.886526	27.630834	27.889718	27.576567	27.701700	29.288524	29.951536	31.260961	32.831186	36.307770	37.045159	33.739994	30.949406
3584472422.002000	27.998571	27.934408	27.528684	27.789165	27.508893	27.688612	29.288524	29.916741	31.216590	32.662959	36.276487	36.916515	33.616138	30.898012
3584472422.513000	27.975587	27.869927	27.584866	27.873438	27.538580	27.719895	29.291716	29.925041	31.183391	32.730632	36.192213	36.847245	33.558360	30.713505
3584472423.002000	27.962499	27.922916	27.541772	27.789165	27.483994	27.685420	29.195951	29.807888	31.114121	32.651467	36.142735	36.795851	33.476002	30.662430
3584472423.501000	27.993782	27.876630	27.434516	27.795868	27.512085	27.649029	29.179671	29.723935	31.133913	32.613480	36.012495	36.705194	33.391729	30.660515
3584472424.003000	27.937600	27.855243	27.543368	27.830344	27.477610	27.566671	29.136577	29.700632	31.063047	32.555702	35.951524	36.621240	33.282877	30.540170
3584472424.488000	27.964095	27.845347	27.527088	27.817256	27.414724	27.657329	29.082310	29.664560	31.028571	32.547402	35.925029	36.571762	33.248401	30.576561
3584472425.014000	27.937600	27.820448	27.495805	27.790761	27.466118	27.637537	29.070818	29.600079	30.980689	32.509416	35.852567	36.393639	33.151040	30.444725
3584472425.513000	28.015170	27.842155	27.508893	27.772885	27.485909	27.619342	29.041131	29.659453	30.913015	32.520907	35.758718	36.253503	33.116565	30.432914
3584472426.013000	27.972395	27.846943	27.530280	27.784377	27.489102	27.530280	29.034427	29.596886	30.960898	32.463448	35.742119	36.274890	33.126461	30.383435
3584472426.504000	27.934408	27.886526	27.523577	27.716703	27.337474	27.533473	29.001548	29.583799	30.929614	32.418758	35.586979	36.116559	32.972918	30.292778
3584472427.005000	27.947496	27.848539	27.482398	27.790761	27.418236	27.493890	28.940578	29.514529	30.787563	32.367684	35.506218	36.060377	32.958234	30.304270
3584472427.506000	27.972395	27.818852	27.483994	27.739686	27.469310	27.535388	28.895888	29.501122	30.733296	32.377579	35.516113	35.966528	32.827674	30.220316
3584472428.005000	27.982291	27.855243	27.454307	27.725002	27.378653	27.457818	28.917275	29.540704	30.756280	32.260427	35.418752	35.865655	32.793199	30.223508
3584472428.512000	27.936004	27.804168	27.456222	27.728195	27.408340	27.447923	28.867797	29.440151	30.668815	32.311501	35.326499	35.781701	32.715629	30.131254
3584472429.011000	27.962499	27.843751	27.476014	27.698507	27.393337	27.423024	28.828214	29.395780	30.667219	32.257235	35.181256	35.773402	32.692646	30.118167
3584472429.507000	27.964095	27.792676	27.467714	27.607850	27.357265	27.339070	28.828214	29.367689	30.607844	32.121887	35.155080	35.677637	32.649551	30.052089
3584472430.004000	28.000486	27.746390	27.401636	27.673928	27.282888	27.371949	28.730853	29.326510	30.523890	32.159874	35.107197	35.588576	32.619864	30.046981
3584472430.499000	27.922916	27.792676	27.462607	27.611042	27.301083	27.487505	28.805230	29.316615	30.551662	32.164662	35.001537	35.548993	32.529207	29.940044
3584472431.002000	27.807360	27.696911	27.404828	27.693719	27.225110	27.363650	28.683290	29.314699	30.386947	32.057725	34.920775	35.438544	32.382367	29.892162
3584472431.504000	27.951007	27.787569	27.434516	27.630834	27.271396	27.411532	28.648495	29.220850	30.451109	32.075601	34.843206	35.329691	32.377579	29.858963
3584472432.001000	27.907913	27.800657	27.429727	27.678716	27.310979	27.332366	28.668286	29.209358	30.403227	32.062513	34.805219	35.285320	32.322993	29.933340
3584472432.498000	27.958988	27.733302	27.442815	27.637537	27.235005	27.291187	28.689674	29.116785	30.405142	31.975048	34.742652	35.247333	32.322993	29.864070
3584472433.002000	28.003678	27.808956	27.386952	27.673928	27.347370	27.363650	28.637003	29.055815	30.272986	31.991647	34.660295	35.118689	32.273515	29.867263
3584472433.508000	27.945900	27.795868	27.439623	27.606254	27.281292	27.304275	28.592313	29.098909	30.333957	31.978559	34.656783	35.128585	32.253723	29.748514
3584472434.012000	27.942708	27.767777	27.377057	27.634345	27.253201	27.302679	28.643707	29.069222	30.228615	31.927165	34.614008	35.057719	32.196264	29.712443
3584472434.503000	27.955796	27.827152	27.416639	27.589655	27.226706	27.271396	28.542834	29.022936	30.197332	31.879602	34.500048	34.967061	32.067620	29.644769
3584472435.014000	27.934408	27.784377	27.393337	27.565075	27.291187	27.236602	28.549538	29.072414	30.071880	31.853107	34.455677	34.856293	32.064109	29.679244
3584472435.504000	27.913021	27.784377	27.390145	27.515597	27.264693	27.368757	28.538046	28.922383	30.080180	31.792137	34.409391	34.782235	32.009842	29.657857
3584472436.013000	27.955796	27.822363	27.446327	27.555179	27.250009	27.250009	28.608912	28.950474	30.104760	31.795329	34.345228	34.750952	32.008246	29.638065
3584472436.499000	27.927705	27.756286	27.340666	27.637537	27.226706	27.305871	28.546346	28.955262	30.068688	31.752554	34.213073	34.706262	31.938976	29.590183
3584472437.011000	27.982291	27.747986	27.436431	27.578163	27.195423	27.264693	28.448985	28.917275	30.027190	31.632209	34.209881	34.605709	31.910885	29.555708
3584472437.506000	27.886526	27.718299	27.360457	27.574971	27.216810	27.282888	28.523043	28.908975	29.987607	31.714567	34.071341	34.544738	31.927165	29.486438
3584472438.009000	27.965691	27.728195	27.367161	27.640729	27.228621	27.244901	28.523043	28.927171	30.009314	31.648489	34.010370	34.486960	31.831719	29.481330
3584472438.507000	27.936004	27.693719	27.319279	27.582951	27.238517	27.254797	28.463669	28.861412	29.883862	31.628698	33.962488	34.391195	31.780645	29.448451
3584472439.012000	28.002082	27.736494	27.322471	27.599550	27.172439	27.200530	28.453773	28.819914	29.882266	31.679773	33.964084	34.401091	31.754150	29.445259
3584472439.515000	27.916213	27.708403	27.362053	27.543368	27.233409	27.253201	28.394399	28.816722	29.878754	31.630294	33.959296	34.308838	31.760853	29.445259
3584472440.000000	27.922916	27.698507	27.322471	27.584866	27.180739	27.240113	28.430790	28.777139	29.817784	31.561024	33.858743	34.236375	31.764046	29.370881
3584472440.506000	27.883334	27.713511	27.304275	27.527088	27.198934	27.157436	28.424086	28.742664	29.885458	31.506757	33.731695	34.130715	31.737551	29.427063
3584472441.001000	27.903125	27.703615	27.370353	27.515597	27.205318	27.212022	28.458881	28.790227	29.844279	31.544744	33.767766	34.119223	31.684880	29.374074
3584472441.505000	27.924513	27.654136	27.319279	27.538580	27.180739	27.162543	28.373011	28.773947	29.814592	31.447383	33.631141	33.960892	31.589115	29.293312
3584472442.012000	27.879822	27.662117	27.295976	27.502189	27.174035	27.174035	28.289057	28.717765	29.801504	31.416100	33.604647	33.931205	31.501650	29.202654
3584472442.513000	27.968884	27.695315	27.269800	27.508893	27.071886	27.203722	28.290654	28.681374	29.826084	31.388009	33.477598	33.929609	31.511546	29.217658
3584472443.005000	27.907913	27.678716	27.264693	27.431323	27.066778	27.162543	28.269266	28.666690	29.771817	31.371410	33.453019	33.894814	31.503565	29.215742
3584472443.503000	27.970799	27.675524	27.269800	27.551668	27.113065	27.117853	28.371415	28.658391	29.687544	31.361514	33.459403	33.817245	31.448979	29.163072
3584472444.002000	27.942708	27.688612	27.271396	27.466118	27.104765	27.200530	28.328640	28.645303	29.661049	31.374921	33.398433	33.757870	31.404608	29.224042
3584472444.508000	27.967288	27.655732	27.301083	27.498997	27.094869	27.119768	28.310445	28.577629	29.733830	31.312035	33.400029	33.716691	31.406204	29.166264
3584472445.001000	27.934408	27.662117	27.294380	27.538580	27.122961	27.139560	28.255859	28.546346	29.662964	31.272453	33.291176	33.614542	31.289052	29.136577
3584472445.509000	27.992186	27.680312	27.302679	27.502189	27.099977	27.090081	28.297357	28.567733	29.633277	31.148916	33.193815	33.657317	31.237977	29.115189
3584472446.009000	27.929301	27.649029	27.253201	27.470906	27.094869	27.083378	28.241175	28.631896	29.679244	31.234466	33.157744	33.548464	31.246277	29.036024
3584472446.509000	27.913021	27.658925	27.299487	27.527088	27.106361	27.090081	28.236068	28.678182	29.659453	31.206694	33.142741	33.462914	31.198394	29.075606
3584472447.006000	27.942708	27.698507	27.250009	27.523577	26.992720	27.122961	28.213084	28.542834	29.626574	31.124017	33.139548	33.462914	31.171899	29.036024
3584472447.505000	27.951007	27.632430	27.258308	27.498997	27.090081	27.065182	28.184993	28.547942	29.577095	31.095926	32.964618	33.340655	31.163600	29.017828
3584472448.003000	27.972395	27.723406	27.289591	27.447923	27.103169	27.094869	28.190100	28.501656	29.629766	31.127528	32.969725	33.334270	31.051555	28.998037
3584472448.502000	27.957392	27.644241	27.215214	27.459414	27.076674	27.052095	28.173501	28.511551	29.611570	31.010376	32.865661	33.228610	31.079646	29.034427
3584472449.001000	27.934408	27.655732	27.250009	27.438027	27.005808	27.086570	28.133918	28.432386	29.609974	31.066239	32.837570	33.192219	30.985477	29.006336
3584472449.511000	27.972395	27.657329	27.221918	27.411532	27.076674	27.043795	28.094336	28.501656	29.588587	30.960898	32.778196	33.113053	31.040063	28.818318
3584472450.011000	27.996975	27.662117	27.206914	27.439623	27.009000	26.992720	28.086036	28.501656	29.524424	30.913015	32.714033	33.071875	30.988989	28.925575
3584472450.508000	27.947496	27.607850	27.307787	27.451115	27.056883	26.986017	28.170309	28.515063	29.550600	30.871836	32.689134	33.080174	30.913015	28.928767
3584472451.011000	27.962499	27.652221	27.243305	27.429727	27.104765	27.071886	28.105827	28.462073	29.565603	30.927699	32.812990	32.892156	30.893224	28.922383
3584472451.512000	28.008466	27.670416	27.301083	27.398444	27.010916	27.063586	28.071352	28.481864	29.436959	30.993777	32.679239	32.954722	30.926103	28.938663
3584472452.001000	27.957392	27.701700	27.274588	27.485909	27.046987	27.022407	28.115723	28.465584	29.517721	30.888116	32.667747	32.941634	30.856833	28.877692
3584472452.502000	27.947496	27.693719	27.289591	27.371949	27.060394	27.007404	28.059860	28.490164	29.446855	30.906312	32.527611	32.834378	30.799055	28.935470
3584472453.008000	28.084440	27.645837	27.235005	27.454307	26.999105	27.048583	28.139026	28.433982	29.491226	30.789159	32.511012	32.801498	30.743192	28.841621
3584472453.512000	27.996975	27.701700	27.274588	27.377057	27.060394	26.994316	28.102635	28.366627	29.418764	30.825550	32.398967	32.746912	30.827146	28.836513
3584472454.001000	27.952604	27.690208	27.180739	27.477610	27.007404	27.081782	28.016766	28.402698	29.413656	30.782775	32.351084	32.649551	30.733296	28.790227
3584472454.513000	27.954200	27.658925	27.212022	27.461011	27.020811	27.012512	28.011978	28.331832	29.362582	30.733296	32.285326	32.639656	30.719889	28.806826
3584472455.009000	28.010382	27.644241	27.167332	27.434516	26.989209	26.981229	28.049965	28.363116	29.382373	30.734892	32.318205	32.608373	30.705205	28.777139
3584472455.509000	28.016766	27.703615	27.261500	27.404828	27.037091	26.982825	28.031769	28.407806	29.398972	30.792671	32.300010	32.532718	30.652535	28.755752
3584472456.006000	28.025066	27.675524	27.175631	27.400040	27.025600	26.969418	27.987079	28.363116	29.428660	30.703609	32.275430	32.526015	30.576561	28.683290
3584472456.514000	27.987079	27.635941	27.223514	27.365246	27.045391	26.954734	28.008466	28.318745	29.346302	30.597949	32.214141	32.479728	30.574965	28.792142
3584472457.004000	27.972395	27.668820	27.302679	27.355350	26.959522	26.913555	28.002082	28.327044	29.339598	30.606248	32.149978	32.407266	30.523890	28.742664
3584472457.501000	27.975587	27.681908	27.208830	27.418236	26.969418	26.956330	27.958988	28.318745	29.324595	30.644235	32.161470	32.360980	30.563473	28.620404
3584472458.005000	27.970799	27.606254	27.246497	27.358861	26.989209	26.992720	27.914617	28.244367	29.324595	30.622848	32.141678	32.305117	30.559962	28.665094
3584472458.500000	27.937600	27.658925	27.197019	27.381845	26.959522	26.954734	27.987079	28.333429	29.253729	30.558366	32.031230	32.283410	30.525487	28.643707
3584472459.012000	27.914617	27.667224	27.216810	27.357265	27.020811	26.943242	27.982291	28.300549	29.219254	30.556770	31.996435	32.242232	30.449513	28.684886
3584472459.512000	28.018362	27.654136	27.225110	27.378653	27.028792	26.941646	27.876630	28.270862	29.296823	30.576561	31.953660	32.210948	30.401631	28.638599
3584472460.015000	28.033365	27.725002	27.180739	27.355350	27.046987	27.004212	27.987079	28.305338	29.318211	30.576561	31.970259	32.174558	30.409930	28.650091
3584472460.515000	27.951007	27.622534	27.226706	27.370353	26.977717	26.857373	27.907913	28.267670	29.300015	30.495799	31.923973	32.115183	30.377051	28.570925
3584472461.008000	28.010382	27.708403	27.240113	27.428131	27.065182	26.951541	27.919405	28.244367	29.204250	30.568262	31.881198	32.037933	30.362048	28.638599
3584472461.511000	27.967288	27.688612	27.238517	27.434516	27.009000	26.944838	27.891633	28.249475	29.229149	30.438021	31.876091	32.075601	30.322465	28.656795
3584472462.013000	27.936004	27.654136	27.238517	27.431323	26.905255	26.967821	27.929301	28.289057	29.176159	30.454621	31.790541	31.998350	30.278094	28.577629
3584472462.509000	27.927705	27.664032	27.213618	27.377057	27.007404	26.817790	27.907913	28.162009	29.176159	30.375455	31.686476	31.975048	30.307781	28.485375
3584472463.004000	28.002082	27.620938	27.261500	27.319279	27.018896	26.963033	27.888122	28.255859	29.148388	30.409930	31.686476	31.914077	30.223508	28.569329
3584472463.513000	27.958988	27.677120	27.223514	27.434516	26.987613	26.969418	27.883334	28.175097	29.102101	30.358856	31.731166	31.887582	30.202120	28.491760
3584472464.004000	27.913021	27.691804	27.215214	27.396848	27.007404	26.934942	27.911425	28.213084	29.079118	30.363644	31.610503	31.815120	30.121359	28.475480
3584472464.514000	27.942708	27.645837	27.251605	27.401636	27.010916	26.903659	27.845347	28.191697	29.134981	30.330765	31.618802	31.841615	30.213612	28.529747
3584472465.002000	27.965691	27.657329	27.145944	27.353754	26.984421	26.857373	27.827152	28.214680	29.116785	30.296289	31.554640	31.773941	30.157749	28.516659
3584472465.513000	27.992186	27.662117	27.261500	27.357265	26.959522	26.855777	27.869927	28.153710	29.080714	30.316081	31.546340	31.741062	30.134447	28.488568
3584472466.014000	27.924513	27.637537	27.279696	27.370353	26.946434	26.906851	27.884930	28.133918	28.971861	30.319273	31.458875	31.693180	30.157749	28.516659
3584472466.512000	28.044857	27.672012	27.235005	27.307787	27.015704	26.887060	27.799061	28.105827	28.955262	30.240107	31.460471	31.697968	30.056877	28.455688
3584472467.009000	27.967288	27.655732	27.233409	27.325663	26.916747	26.898551	27.764585	28.094336	28.902591	30.284478	31.444191	31.630294	30.058792	28.470372
3584472467.514000	27.937600	27.588059	27.160947	27.345454	26.934942	26.908447	27.883334	28.117319	28.938663	30.197332	31.427592	31.579219	30.029105	28.404295
3584472468.004000	27.952604	27.708403	27.218725	27.314171	26.977717	26.883868	27.843751	28.082844	28.965158	30.203717	31.379709	31.518249	30.068688	28.407806
3584472468.506000	27.987079	27.673928	27.238517	27.337474	26.969418	26.902063	27.863542	28.051561	28.937066	30.210420	31.376517	31.500054	29.986011	28.369819
3584472469.005000	27.913021	27.672012	27.231813	27.404828	26.918343	26.911959	27.825555	28.133918	28.897484	30.142746	31.279156	31.462067	30.033894	28.346836
3584472469.514000	28.021873	27.622534	27.241709	27.324067	26.929835	26.868864	27.721491	28.117319	28.915679	30.185521	31.283944	31.427592	29.977711	28.407806
3584472470.012000	28.005274	27.673928	27.274588	27.264693	26.957926	26.872376	27.794272	28.040069	28.869393	30.099971	31.224570	31.430784	29.979627	28.371415
3584472470.482000	28.016766	27.662117	27.231813	27.322471	26.948030	26.890252	27.886526	28.044857	28.864604	30.179137	31.209886	31.401097	29.959835	28.384503
3584472471.011000	27.964095	27.650625	27.195423	27.388548	26.933346	26.857373	27.799061	28.013574	28.848005	30.116251	31.165196	31.338530	29.926637	28.307253
3584472471.513000	27.951007	27.675524	27.223514	27.347370	26.994316	26.860565	27.784377	28.051561	28.806826	30.111463	31.129124	31.327039	29.794801	28.338536
3584472472.014000	27.977183	27.672012	27.236602	27.367161	26.905255	26.898551	27.804168	27.951007	28.854709	30.119763	31.147320	31.313631	29.896950	28.369819
3584472472.504000	27.995379	27.695315	27.213618	27.322471	26.953137	26.826089	27.769373	27.973991	28.792142	30.063581	31.068154	31.241169	29.811400	28.327044
3584472473.005000	27.878226	27.581355	27.202126	27.305871	26.946434	26.769907	27.739686	27.914617	28.813530	29.994311	31.061451	31.216590	29.789693	28.289057
3584472473.502000	27.958988	27.678716	27.136048	27.292784	26.934942	26.786507	27.749582	28.018362	28.750644	30.042193	31.087946	31.199990	29.704143	28.280758
3584472474.012000	27.980695	27.569863	27.189038	27.287995	26.928239	26.824493	27.709999	27.987079	28.795334	30.020806	30.967282	31.162004	29.718827	28.274054
3584472474.503000	27.922916	27.654136	27.198934	27.259904	26.971333	26.830878	27.769373	27.903125	28.792142	29.943236	30.977178	31.139020	29.728723	28.201592
3584472475.012000	27.931216	27.687016	27.259904	27.416639	26.964629	26.873972	27.719895	27.881738	28.659987	30.025594	30.960898	31.084434	29.743726	28.287461
3584472475.504000	27.973991	27.721491	27.231813	27.400040	26.923450	26.878760	27.794272	27.907913	28.787035	30.004206	31.020272	31.119229	29.755218	28.206380
3584472476.006000	27.955796	27.627641	27.243305	27.370353	26.953137	26.872376	27.764585	27.879822	28.706273	29.981223	30.906312	31.084434	29.621466	28.193293
3584472476.505000	27.958988	27.681908	27.246497	27.325663	26.857373	26.804702	27.754689	27.863542	28.739152	29.916741	30.860344	31.081242	29.613486	28.176693
3584472477.004000	27.952604	27.606254	27.114661	27.365246	26.939730	26.776611	27.703615	27.968884	28.651687	29.949940	30.825550	30.957386	29.621466	28.226172
3584472477.504000	27.924513	27.604658	27.179143	27.335559	26.929835	26.852584	27.670416	27.808956	28.628704	29.926637	30.840553	31.003672	29.595290	28.166798
3584472478.004000	27.954200	27.561564	27.185527	27.299487	26.969418	26.819386	27.591251	27.825555	28.638599	29.916741	30.784371	30.907908	29.595290	28.193293
3584472478.513000	27.936004	27.664032	27.197019	27.299487	26.877164	26.839177	27.680312	27.828748	28.673394	29.862474	30.739681	30.878221	29.565603	28.153710
3584472479.009000	27.911425	27.604658	27.221918	27.360457	26.895359	26.844285	27.634345	27.822363	28.620404	29.878754	30.733296	30.919719	29.458347	28.156902
3584472479.507000	27.934408	27.642325	27.213618	27.373545	26.929835	26.868864	27.708403	27.848539	28.641791	29.857367	30.708397	30.876624	29.514529	28.147006
3584472479.999000	27.899614	27.644241	27.236602	27.386952	26.961437	26.771503	27.607850	27.860031	28.622000	29.844279	30.747980	30.860344	29.544216	28.196485
3584472480.504000	27.916213	27.645837	27.235005	27.317682	26.919939	26.783314	27.678716	27.878226	28.589121	29.844279	30.764580	30.772879	29.511017	28.155306
3584472481.012000	27.931216	27.662117	27.210426	27.310979	26.913555	26.842689	27.731387	27.845347	28.577629	29.822892	30.665622	30.751492	29.484842	28.133918
3584472481.513000	27.893229	27.540176	27.210426	27.333962	26.943242	26.916747	27.627641	27.810552	28.551134	29.788097	30.611037	30.776071	29.441747	28.081248
3584472482.003000	27.972395	27.637537	27.228621	27.357265	26.852584	26.796402	27.680312	27.808956	28.536450	29.779797	30.657323	30.782775	29.402165	28.117319
3584472482.504000	27.903125	27.696911	27.206914	27.371949	26.903659	26.829282	27.658925	27.850135	28.608912	29.781713	30.652535	30.772879	29.425467	28.130726
3584472483.013000	27.924513	27.698507	27.269800	27.310979	26.969418	26.819386	27.654136	27.833855	28.604124	29.799589	30.632743	30.723401	29.466646	28.114127
3584472483.499000	27.921320	27.701700	27.238517	27.362053	26.898551	26.804702	27.654136	27.766181	28.627108	29.732234	30.619336	30.668815	29.408868	28.175097
3584472484.003000	27.942708	27.681908	27.177227	27.320875	26.984421	26.781399	27.574971	27.805764	28.576033	29.789693	30.556770	30.753088	29.417168	28.086036
3584472484.503000	28.031769	27.642325	27.203722	27.340666	26.933346	26.803106	27.594762	27.753093	28.526554	29.791608	30.533786	30.624444	29.438555	28.082844
3584472485.003000	27.965691	27.626045	27.154244	27.339070	26.903659	26.728728	27.589655	27.744794	28.552730	29.643173	30.469304	30.573369	29.436959	28.120831
3584472485.505000	27.998571	27.556775	27.157436	27.324067	26.966225	26.862480	27.630834	27.713511	28.547942	29.695844	30.490692	30.588053	29.372477	28.000486
3584472486.013000	27.978779	27.678716	27.200530	27.353754	26.854180	26.781399	27.612638	27.747986	28.562626	29.738618	30.497396	30.472497	29.326510	28.092739
3584472486.500000	27.909509	27.582951	27.215214	27.325663	26.919939	26.847477	27.582951	27.725002	28.518255	29.680840	30.449513	30.508887	29.351090	28.043261
3584472487.001000	27.970799	27.644241	27.203722	27.368757	26.928239	26.710533	27.546880	27.654136	28.523043	29.667752	30.386947	30.510483	29.375989	28.033365
3584472487.511000	27.883334	27.581355	27.263096	27.291187	26.890252	26.733836	27.579759	27.741282	28.486972	29.590183	30.373540	30.521975	29.301611	28.028258
3584472488.001000	27.921320	27.573055	27.187123	27.377057	26.858969	26.794806	27.652221	27.715107	28.528150	29.616678	30.415038	30.505695	29.306719	28.031769
3584472488.505000	27.978779	27.711595	27.172439	27.406744	26.883868	26.809490	27.635941	27.688612	28.534854	29.737022	30.385351	30.449513	29.301611	28.119234
3584472489.004000	27.934408	27.599550	27.200530	27.345454	26.938134	26.760012	27.622534	27.650625	28.511551	29.583799	30.309377	30.415038	29.268732	27.998571
3584472489.504000	27.937600	27.647433	27.213618	27.339070	26.900148	26.796402	27.546880	27.716703	28.450581	29.575499	30.434829	30.456217	29.230745	28.041665
3584472490.014000	28.063052	27.571459	27.155840	27.337474	26.890252	26.763523	27.644241	27.645837	28.439089	29.618274	30.370347	30.391735	29.189567	28.097528
3584472490.499000	27.934408	27.662117	27.167332	27.345454	26.880356	26.829282	27.546880	27.642325	28.430790	29.509421	30.314165	30.353748	29.215742	28.003678
3584472491.001000	27.909509	27.596358	27.141156	27.263096	26.954734	26.778207	27.591251	27.640729	28.475480	29.520913	30.259899	30.357260	29.194355	28.013574
3584472491.508000	27.932812	27.622534	27.182335	27.281292	26.925046	26.801191	27.586463	27.647433	28.397910	29.555708	30.271390	30.395246	29.144876	27.955796
3584472492.013000	27.962499	27.650625	27.200530	27.317682	26.873972	26.814598	27.566671	27.627641	28.386418	29.605186	30.264687	30.342256	29.215742	28.011978
3584472492.504000	27.962499	27.592847	27.218725	27.343858	26.842689	26.731921	27.581355	27.665628	28.364712	29.522509	30.200524	30.310973	29.179671	28.010382
3584472493.012000	27.929301	27.624449	27.185527	27.332366	26.857373	26.806298	27.617746	27.700104	28.404295	29.496333	30.238511	30.329169	29.229149	27.988675
3584472493.513000	27.941112	27.614554	27.254797	27.310979	26.898551	26.806298	27.597954	27.645837	28.379715	29.542300	30.205313	30.329169	29.128596	28.006870
3584472494.013000	27.853647	27.581355	27.215214	27.314171	26.858969	26.741816	27.527088	27.639133	28.369819	29.488034	30.122955	30.218720	29.189567	27.990590
3584472494.502000	27.922916	27.619342	27.213618	27.348966	26.890252	26.714045	27.565075	27.592847	28.292250	29.488034	30.136043	30.250003	29.120297	27.965691
3584472495.004000	27.987079	27.599550	27.144348	27.329174	26.933346	26.763523	27.523577	27.571459	28.353220	29.458347	30.132851	30.185521	29.123489	27.996975
3584472495.514000	27.988675	27.652221	27.145944	27.271396	26.872376	26.769907	27.555179	27.657329	28.361520	29.478138	30.124551	30.175626	29.138492	27.968884
3584472496.005000	27.973991	27.630834	27.154244	27.292784	26.938134	26.803106	27.510489	27.662117	28.356731	29.532405	30.121359	30.118167	29.077202	27.932812
3584472496.508000	28.008466	27.620938	27.266289	27.357265	26.929835	26.830878	27.591251	27.688612	28.378119	29.524424	30.109867	30.155834	29.083906	27.944304
3584472497.003000	27.973991	27.632430	27.206914	27.319279	26.905255	26.771503	27.535388	27.606254	28.300549	29.435363	30.029105	30.175626	29.146472	27.944304
3584472497.504000	27.968884	27.555179	27.165736	27.320875	26.878760	26.778207	27.558371	27.616150	28.327044	29.408868	30.035490	30.109867	29.049431	27.954200
3584472498.004000	27.914617	27.612638	27.221918	27.302679	26.908447	26.738624	27.589655	27.530280	28.279162	29.383969	29.994311	30.098375	29.098909	27.868330
3584472498.502000	27.914617	27.591251	27.206914	27.292784	26.892167	26.801191	27.546880	27.596358	28.262563	29.443343	30.075072	30.111463	29.082310	27.936004
3584472499.011000	27.975587	27.597954	27.160947	27.365246	26.913555	26.788103	27.654136	27.612638	28.331832	29.427063	30.033894	30.154238	29.075606	27.978779
3584472499.499000	27.934408	27.639133	27.131260	27.368757	26.936538	26.745328	27.556775	27.566671	28.313637	29.440151	30.002610	30.088479	29.052623	27.913021
3584472500.005000	27.909509	27.644241	27.215214	27.333962	26.893763	26.791295	27.592847	27.558371	28.242771	29.412060	29.911953	30.111463	29.100505	27.954200
3584472500.501000	27.987079	27.645837	27.253201	27.390145	26.875568	26.760012	27.515597	27.543368	28.262563	29.352686	29.969731	30.033894	29.029639	27.858435
3584472501.009000	27.936004	27.574971	27.169247	27.307787	26.898551	26.776611	27.536984	27.589655	28.275650	29.346302	29.986011	30.005802	28.993249	27.878226
3584472501.513000	27.955796	27.612638	27.177227	27.345454	26.896955	26.776611	27.581355	27.551668	28.282354	29.445259	29.986011	30.113059	29.003144	27.917809
3584472502.005000	28.002082	27.658925	27.295976	27.365246	26.918343	26.773419	27.503786	27.652221	28.244367	29.364178	29.911953	30.023998	29.017828	27.922916
3584472502.507000	27.957392	27.644241	27.226706	27.324067	26.858969	26.745328	27.548476	27.548476	28.298953	29.362582	29.892162	30.002610	29.016232	27.947496
3584472503.003000	27.975587	27.680312	27.192230	27.419832	26.967821	26.829282	27.601146	27.521981	28.265755	29.387481	29.967816	29.972923	29.039535	27.899614
3584472503.499000	27.985483	27.670416	27.195423	27.383441	26.948030	26.796402	27.568267	27.515597	28.330236	29.356197	29.870774	29.930148	28.990056	27.868330
3584472504.002000	27.931216	27.698507	27.221918	27.393337	26.941646	26.819386	27.579759	27.540176	28.252667	29.341194	29.827680	30.004206	28.955262	27.863542
3584472504.513000	27.968884	27.622534	27.180739	27.383441	26.936538	26.781399	27.559968	27.540176	28.242771	29.382373	29.849067	29.959835	29.044323	27.927705
3584472505.004000	27.967288	27.675524	27.246497	27.315767	26.964629	26.771503	27.559968	27.584866	28.249475	29.375989	29.811400	29.949940	28.925575	27.852050
3584472505.500000	27.951007	27.688612	27.203722	27.373545	26.939730	26.801191	27.541772	27.581355	28.216276	29.346302	29.855771	29.989522	28.942174	27.881738
3584472506.001000	27.978779	27.630834	27.206914	27.330770	26.941646	26.765119	27.597954	27.571459	28.267670	29.298419	29.857367	29.906845	28.930682	27.898018
3584472506.504000	27.936004	27.644241	27.225110	27.377057	26.877164	26.803106	27.561564	27.584866	28.237983	29.293312	29.793204	29.870774	28.900995	27.846943
3584472507.005000	28.000486	27.644241	27.205318	27.388548	26.892167	26.773419	27.558371	27.517193	28.241175	29.280224	29.831191	29.915145	28.917275	27.896422
3584472507.504000	27.944304	27.612638	27.177227	27.322471	26.910043	26.722025	27.505701	27.493890	28.089547	29.280224	29.685948	29.793204	28.867797	27.780865
3584472508.010000	27.944304	27.634345	27.268204	27.355350	26.873972	26.776611	27.479206	27.530280	28.117319	29.278628	29.756814	29.852579	28.894292	27.889718
3584472508.515000	28.008466	27.665628	27.179143	27.333962	26.933346	26.791295	27.561564	27.457818	28.176693	29.288524	29.750110	29.841087	28.908975	27.911425
3584472509.007000	28.028258	27.637537	27.202126	27.365246	26.902063	26.796402	27.584866	27.515597	28.193293	29.255325	29.702547	29.872370	28.836513	27.896422
3584472509.504000	27.954200	27.639133	27.258308	27.327578	26.890252	26.784911	27.487505	27.517193	28.199996	29.245429	29.694247	29.794801	28.935470	27.800657
3584472510.004000	27.982291	27.601146	27.159351	27.251605	26.976121	26.748520	27.456222	27.483994	28.150518	29.210954	29.636469	29.847471	28.894292	27.799061
3584472510.513000	27.944304	27.654136	27.248413	27.391741	26.967821	26.745328	27.555179	27.492294	28.198400	29.252133	29.708931	29.756814	28.895888	27.871842
3584472511.007000	27.978779	27.691804	27.272992	27.324067	26.982825	26.826089	27.503786	27.602743	28.171905	29.250537	29.583799	29.867263	28.910891	27.884930
3584472511.510000	27.980695	27.715107	27.240113	27.324067	26.936538	26.765119	27.553264	27.527088	28.188504	29.277032	29.636469	29.841087	28.889184	27.832259
3584472512.009000	27.939196	27.688612	27.183931	27.337474	26.923450	26.835985	27.523577	27.477610	28.119234	29.224042	29.664560	29.793204	28.863008	27.820448
3584472512.510000	27.967288	27.579759	27.192230	27.408340	26.822897	26.778207	27.513681	27.627641	28.193293	29.255325	29.669349	29.826084	28.857901	27.845347
3584472513.013000	27.898018	27.664032	27.243305	27.284484	26.959522	26.740220	27.490698	27.493890	28.063052	29.215742	29.682756	29.740215	28.838109	27.818852
3584472513.503000	27.962499	27.644241	27.206914	27.299487	26.875568	26.783314	27.479206	27.447923	28.020277	29.210954	29.609974	29.677648	28.740748	27.856839
3584472514.015000	27.973991	27.688612	27.223514	27.333962	26.944838	26.776611	27.500593	27.579759	28.082844	29.270328	29.646365	29.755218	28.793738	27.815660
3584472514.503000	27.951007	27.614554	27.179143	27.352158	26.903659	26.746924	27.523577	27.424620	28.104231	29.197866	29.603590	29.737022	28.755752	27.820448
3584472515.002000	27.957392	27.665628	27.282888	27.368757	26.882271	26.723940	27.477610	27.523577	28.110935	29.178075	29.588587	29.690736	28.838109	27.815660
3584472515.512000	27.939196	27.690208	27.243305	27.386952	26.943242	26.776611	27.470906	27.507297	28.129130	29.265221	29.575499	29.702547	28.800123	27.838643
3584472516.011000	27.947496	27.683823	27.210426	27.401636	26.943242	26.740220	27.479206	27.452711	28.087632	29.179671	29.578691	29.677648	28.735960	27.797464
3584472516.503000	27.914617	27.658925	27.233409	27.337474	26.928239	26.801191	27.510489	27.502189	28.132322	29.227553	29.540704	29.666156	28.819914	27.795868
3584472517.008000	27.960903	27.688612	27.223514	27.363650	26.902063	26.765119	27.541772	27.485909	28.130726	29.187970	29.575499	29.702547	28.740748	27.734898
3584472517.506000	27.958988	27.675524	27.167332	27.332366	26.921854	26.797998	27.521981	27.428131	28.155306	29.195951	29.474946	29.677648	28.782247	27.840239
3584472518.004000	27.957392	27.680312	27.228621	27.363650	26.931750	26.801191	27.581355	27.545284	28.122427	29.163072	29.526020	29.687544	28.737556	27.770970
3584472518.506000	27.879822	27.691804	27.221918	27.295976	26.890252	26.700637	27.419832	27.500593	28.069756	29.140088	29.476542	29.690736	28.631896	27.738090
3584472519.013000	27.932812	27.655732	27.212022	27.286080	26.870460	26.793210	27.454307	27.438027	27.987079	29.140088	29.438555	29.601675	28.691270	27.753093
3584472519.514000	28.025066	27.662117	27.233409	27.370353	26.944838	26.816194	27.548476	27.551668	28.054753	29.105293	29.526020	29.679244	28.735960	27.845347
3584472520.004000	27.973991	27.632430	27.192230	27.347370	26.969418	26.778207	27.503786	27.513681	28.115723	29.149984	29.499526	29.619870	28.745856	27.764585
3584472520.509000	27.970799	27.670416	27.264693	27.432920	26.918343	26.737028	27.493890	27.462607	28.064648	29.156368	29.478138	29.712443	28.782247	27.807360
3584472521.010000	27.941112	27.698507	27.269800	27.385037	26.906851	26.695849	27.477610	27.479206	28.034961	29.133384	29.479734	29.555708	28.750644	27.756286
3584472521.504000	27.957392	27.624449	27.195423	27.295976	26.883868	26.746924	27.459414	27.469310	28.056349	29.100505	29.453239	29.565603	28.703081	27.827152
3584472522.010000	27.977183	27.574971	27.244901	27.381845	26.908447	26.725536	27.466118	27.466118	28.061456	29.110401	29.484842	29.639661	28.816722	27.792676
3584472522.503000	27.899614	27.622534	27.221918	27.327578	26.923450	26.714045	27.483994	27.434516	28.069756	29.133384	29.469838	29.526020	28.659987	27.810552
3584472523.011000	27.962499	27.620938	27.294380	27.353754	26.943242	26.820982	27.476014	27.434516	28.054753	29.174563	29.367689	29.542300	28.749048	27.789165
3584472523.513000	27.970799	27.604658	27.164139	27.310979	26.862480	26.737028	27.493890	27.439623	28.025066	29.055815	29.435363	29.530809	28.744260	27.792676
3584472524.003000	27.896422	27.670416	27.169247	27.312575	26.919939	26.755223	27.495805	27.442815	28.023470	29.089013	29.450047	29.529213	28.688078	27.728195
3584472524.508000	27.977183	27.664032	27.220321	27.411532	26.913555	26.758416	27.483994	27.479206	28.003678	29.082310	29.433448	29.591779	28.706273	27.695315
3584472525.013000	27.949092	27.701700	27.200530	27.347370	26.967821	26.783314	27.474098	27.398444	28.000486	29.036024	29.418764	29.552196	28.706273	27.789165
3584472525.502000	27.975587	27.599550	27.177227	27.337474	26.849073	26.684357	27.432920	27.411532	28.003678	29.049431	29.412060	29.456751	28.689674	27.759478
3584472526.005000	27.901529	27.627641	27.213618	27.408340	26.936538	26.801191	27.492294	27.477610	27.972395	29.128596	29.423552	29.571988	28.635407	27.726598
3584472526.507000	27.936004	27.589655	27.177227	27.330770	26.868864	26.745328	27.466118	27.424620	27.936004	29.062518	29.415572	29.511017	28.622000	27.782781
3584472527.010000	27.952604	27.688612	27.208830	27.312575	26.896955	26.745328	27.493890	27.426535	27.926109	29.031235	29.415572	29.504633	28.693185	27.825555
3584472527.513000	27.977183	27.612638	27.278100	27.355350	26.948030	26.829282	27.531877	27.523577	27.988675	29.062518	29.379181	29.514529	28.658391	27.777673
3584472528.011000	27.941112	27.673928	27.248413	27.362053	26.963033	26.781399	27.446327	27.406744	28.048049	29.006336	29.370881	29.486438	28.671479	27.757882
3584472528.503000	27.936004	27.576567	27.197019	27.340666	26.896955	26.809490	27.490698	27.391741	27.919405	29.001548	29.383969	29.496333	28.635407	27.787569
3584472529.008000	27.941112	27.606254	27.233409	27.259904	26.885464	26.768311	27.432920	27.404828	27.929301	29.093802	29.303208	29.484842	28.717765	27.725002
3584472529.508000	27.993782	27.652221	27.238517	27.319279	26.929835	26.738624	27.452711	27.454307	27.968884	29.006336	29.356197	29.491226	28.678182	27.802572
3584472530.012000	28.003678	27.596358	27.240113	27.312575	26.893763	26.756819	27.480802	27.413128	27.960903	29.039535	29.360986	29.547408	28.666690	27.810552
3584472530.502000	27.967288	27.589655	27.177227	27.357265	26.906851	26.758416	27.462607	27.474098	27.873438	29.003144	29.334491	29.393865	28.579225	27.719895
3584472531.014000	28.021873	27.649029	27.206914	27.282888	26.921854	26.740220	27.442815	27.363650	27.936004	28.968350	29.197866	29.425467	28.615616	27.769373
3584472531.502000	27.913021	27.652221	27.230217	27.297891	26.867268	26.708937	27.447923	27.388548	27.883334	28.932278	29.268732	29.427063	28.659987	27.784377
3584472532.011000	27.972395	27.616150	27.190634	27.295976	26.878760	26.737028	27.428131	27.426535	27.853647	29.072414	29.262029	29.412060	28.663498	27.767777
3584472532.510000	27.936004	27.678716	27.187123	27.330770	26.854180	26.741816	27.476014	27.398444	27.873438	29.032831	29.248941	29.395780	28.646899	27.718299
3584472533.011000	27.985483	27.691804	27.167332	27.330770	26.900148	26.801191	27.451115	27.414724	27.911425	29.019743	29.239045	29.415572	28.671479	27.766181
3584472533.503000	27.942708	27.607850	27.230217	27.368757	26.939730	26.755223	27.505701	27.452711	27.898018	28.980161	29.277032	29.410464	28.617212	27.780865
3584472534.007000	28.008466	27.687016	27.198934	27.347370	26.860565	26.845881	27.561564	27.398444	27.896422	28.953666	29.237449	29.380777	28.607316	27.770970
3584472534.502000	27.978779	27.680312	27.215214	27.363650	26.916747	26.804702	27.426535	27.362053	27.878226	28.965158	29.214146	29.398972	28.615616	27.764585
3584472535.001000	27.954200	27.654136	27.192230	27.292784	26.895359	26.775015	27.452711	27.378653	27.942708	29.016232	29.313103	29.356197	28.679778	27.774481
3584472535.500000	27.875034	27.559968	27.177227	27.312575	26.830878	26.776611	27.429727	27.380249	27.865138	28.983353	29.243833	29.331299	28.589121	27.698507
3584472536.006000	27.949092	27.673928	27.205318	27.368757	26.898551	26.791295	27.472502	27.452711	27.922916	28.973457	29.242237	29.341194	28.559434	27.751178
3584472536.505000	27.958988	27.632430	27.284484	27.342262	26.954734	26.717237	27.466118	27.432920	27.843751	28.912487	29.222446	29.319807	28.618808	27.726598
3584472537.007000	27.992186	27.658925	27.157436	27.269800	26.911959	26.769907	27.479206	27.377057	27.879822	29.007932	29.149984	29.393865	28.600613	27.747986
3584472537.504000	27.941112	27.670416	27.213618	27.362053	26.915151	26.746924	27.502189	27.371949	27.879822	28.945366	29.278628	29.357794	28.594228	27.779269
3584472538.011000	27.901529	27.696911	27.228621	27.362053	26.921854	26.809490	27.451115	27.368757	27.875034	28.932278	29.201058	29.326510	28.541238	27.762989
3584472538.501000	27.965691	27.662117	27.221918	27.337474	26.915151	26.755223	27.411532	27.385037	27.886526	28.980161	29.178075	29.356197	28.625511	27.761074
3584472539.007000	27.988675	27.609446	27.226706	27.358861	26.925046	26.775015	27.492294	27.362053	27.856839	28.993249	29.210954	29.260433	28.617212	27.753093
3584472539.503000	27.975587	27.599550	27.192230	27.297891	26.870460	26.733836	27.413128	27.400040	27.846943	28.928767	29.126681	29.329702	28.508359	27.626045
3584472540.015000	27.939196	27.644241	27.220321	27.274588	26.887060	26.794806	27.493890	27.343858	27.845347	28.917275	29.214146	29.267136	28.562626	27.705211
3584472540.504000	27.951007	27.670416	27.213618	27.340666	26.885464	26.738624	27.472502	27.432920	27.937600	28.900995	29.237449	29.321403	28.541238	27.776077
3584472541.010000	27.889718	27.622534	27.152648	27.365246	26.902063	26.750116	27.441219	27.322471	27.911425	28.910891	29.144876	29.328106	28.610508	27.746390
3584472541.506000	27.978779	27.632430	27.179143	27.294380	26.870460	26.794806	27.413128	27.439623	27.873438	29.001548	29.159879	29.248941	28.594228	27.681908
3584472542.003000	27.917809	27.667224	27.292784	27.312575	26.885464	26.751712	27.482398	27.391741	27.947496	28.910891	29.082310	29.248941	28.572522	27.708403
3584472542.502000	27.964095	27.677120	27.155840	27.294380	26.892167	26.766715	27.492294	27.371949	27.792676	28.958454	29.120297	29.278628	28.551134	27.687016
3584472543.012000	27.977183	27.664032	27.264693	27.345454	26.959522	26.793210	27.434516	27.403232	27.927705	28.956858	29.191163	29.298419	28.630300	27.718299
3584472543.502000	27.922916	27.691804	27.240113	27.312575	26.918343	26.868864	27.523577	27.365246	27.899614	28.908975	29.093802	29.309911	28.589121	27.691804
3584472543.998000	28.013574	27.677120	27.307787	27.278100	26.900148	26.803106	27.441219	27.378653	27.932812	28.942174	29.141684	29.334491	28.529747	27.747986
3584472544.512000	28.056349	27.624449	27.182335	27.347370	26.926643	26.794806	27.483994	27.385037	27.876630	28.863008	29.121893	29.247345	28.526554	27.678716
3584472544.999000	28.021873	27.649029	27.179143	27.378653	26.858969	26.796402	27.472502	27.403232	27.886526	28.905783	29.168179	29.199462	28.623915	27.751178
3584472545.503000	28.000486	27.664032	27.154244	27.371949	26.905255	26.803106	27.446327	27.390145	27.853647	28.935470	29.125085	29.258836	28.576033	27.685420
3584472545.999000	27.972395	27.729791	27.208830	27.322471	26.939730	26.768311	27.429727	27.393337	27.842155	28.940578	29.138492	29.219254	28.515063	27.738090
3584472546.513000	27.975587	27.642325	27.167332	27.390145	26.883868	26.788103	27.513681	27.411532	27.893229	28.902591	29.087098	29.286927	28.546346	27.703615
3584472547.005000	28.028258	27.627641	27.230217	27.330770	26.885464	26.801191	27.513681	27.413128	27.815660	28.834917	29.100505	29.252133	28.564541	27.774481
3584472547.506000	28.030173	27.726598	27.251605	27.337474	26.974525	26.771503	27.535388	27.350562	27.881738	28.841621	29.143280	29.184459	28.516659	27.731387
3584472548.019000	27.998571	27.718299	27.177227	27.305871	26.971333	26.830878	27.541772	27.365246	27.876630	28.922383	29.077202	29.229149	28.579225	27.705211
3584472548.505000	27.978779	27.662117	27.236602	27.333962	26.867268	26.745328	27.388548	27.307787	27.790761	28.908975	29.014636	29.158283	28.521447	27.709999
3584472549.007000	27.951007	27.635941	27.254797	27.325663	26.865672	26.832793	27.498997	27.386952	27.921320	28.881204	29.021340	29.178075	28.538046	27.677120
3584472549.505000	27.937600	27.658925	27.233409	27.391741	26.862480	26.765119	27.493890	27.380249	27.802572	28.918871	29.054219	29.258836	28.541238	27.743198
3584472550.013000	27.993782	27.713511	27.284484	27.319279	26.868864	26.830878	27.515597	27.383441	27.777673	28.899080	29.082310	29.178075	28.559434	27.762989
3584472550.502000	28.023470	27.664032	27.236602	27.365246	26.943242	26.775015	27.512085	27.400040	27.835451	28.899080	29.102101	29.248941	28.515063	27.739686
3584472550.975000	28.033365	27.736494	27.291187	27.421428	27.007404	26.844285	27.533473	27.421428	27.891633	28.932278	29.120297	29.262029	28.528150	27.749582
3584472551.511000	27.967288	27.690208	27.198934	27.457818	26.911959	26.803106	27.500593	27.358861	27.808956	28.900995	29.039535	29.207762	28.488568	27.700104
3584472552.015000	27.988675	27.662117	27.244901	27.319279	26.926643	26.849073	27.446327	27.360457	27.744794	28.866200	29.036024	29.146472	28.412594	27.650625
3584472552.505000	28.067841	27.746390	27.295976	27.362053	26.893763	26.797998	27.489102	27.401636	27.776077	28.857901	29.003144	29.235534	28.465584	27.736494
3584472553.007000	28.016766	27.660521	27.198934	27.368757	26.865672	26.755223	27.483994	27.279696	27.800657	28.869393	28.975053	29.191163	28.493356	27.683823
3584472553.504000	27.975587	27.635941	27.157436	27.272992	26.835985	26.820982	27.477610	27.347370	27.754689	28.792142	28.950474	29.136577	28.486972	27.611042
3584472554.012000	28.034961	27.624449	27.185527	27.292784	26.847477	26.807894	27.500593	27.383441	27.766181	28.839706	28.973457	29.118701	28.532939	27.668820
3584472554.501000	27.955796	27.664032	27.195423	27.305871	26.877164	26.750116	27.500593	27.360457	27.733302	28.772351	29.003144	29.037620	28.523043	27.691804
3584472555.014000	27.965691	27.687016	27.278100	27.231813	26.926643	26.793210	27.456222	27.343858	27.789165	28.834917	28.956858	29.153176	28.457284	27.681908
3584472555.489000	28.057945	27.662117	27.276184	27.358861	26.887060	26.819386	27.476014	27.398444	27.802572	28.849601	28.946962	29.108805	28.500059	27.685420
3584472556.010000	27.970799	27.604658	27.202126	27.352158	26.905255	26.813002	27.530280	27.324067	27.774481	28.808422	28.983353	29.123489	28.402698	27.705211
3584472556.484000	27.973991	27.673928	27.212022	27.355350	26.908447	26.796402	27.502189	27.400040	27.808956	28.795334	28.975053	29.144876	28.462073	27.683823
3584472556.996000	28.002082	27.678716	27.221918	27.342262	26.908447	26.794806	27.487505	27.358861	27.743198	28.848005	28.950474	29.125085	28.468776	27.681908
3584472557.507000	28.005274	27.708403	27.251605	27.363650	26.925046	26.817790	27.495805	27.373545	27.802572	28.819914	28.945366	29.110401	28.419298	27.675524
3584472557.973000	28.020277	27.725002	27.333962	27.385037	26.948030	26.857373	27.556775	27.457818	27.843751	28.863008	28.935470	29.075606	28.448985	27.685420
3584472558.473000	28.008466	27.677120	27.221918	27.414724	26.913555	26.905255	27.559968	27.353754	27.757882	28.815126	28.940578	29.141684	28.480268	27.696911
3584472559.001000	28.006870	27.609446	27.228621	27.317682	26.892167	26.761608	27.485909	27.340666	27.797464	28.844813	28.970265	29.090609	28.503252	27.645837
3584472559.507000	28.036557	27.728195	27.279696	27.353754	26.936538	26.837581	27.540176	27.345454	27.812468	28.846409	28.935470	29.164668	28.503252	27.681908
3584472560.014000	28.043261	27.652221	27.246497	27.381845	26.902063	26.814598	27.483994	27.381845	27.776077	28.785439	28.925575	29.049431	28.450581	27.606254
3584472560.513000	27.944304	27.635941	27.253201	27.380249	26.921854	26.890252	27.495805	27.426535	27.787569	28.810018	28.905783	29.115189	28.491760	27.743198
3584472561.014000	27.964095	27.665628	27.284484	27.352158	26.906851	26.722025	27.541772	27.320875	27.808956	28.773947	28.863008	29.014636	28.394399	27.700104
3584472561.515000	27.977183	27.711595	27.213618	27.319279	26.931750	26.850669	27.565075	27.378653	27.827152	28.800123	28.882800	29.110401	28.353220	27.709999
3584472562.006000	28.064648	27.644241	27.241709	27.388548	26.915151	26.857373	27.512085	27.386952	27.731387	28.730853	28.902591	29.115189	28.442281	27.723406
3584472562.502000	28.000486	27.677120	27.282888	27.362053	26.890252	26.793210	27.480802	27.381845	27.792676	28.785439	28.881204	29.065711	28.404295	27.654136
3584472563.014000	27.968884	27.713511	27.281292	27.380249	26.933346	26.793210	27.515597	27.398444	27.754689	28.806826	28.902591	29.039535	28.416106	27.644241
3584472563.505000	28.011978	27.667224	27.271396	27.368757	26.964629	26.834389	27.456222	27.337474	27.753093	28.785439	28.874500	29.087098	28.389611	27.691804
3584472564.012000	27.985483	27.658925	27.310979	27.438027	26.939730	26.771503	27.483994	27.335559	27.757882	28.788631	28.910891	29.079118	28.384503	27.700104
3584472564.501000	27.992186	27.731387	27.246497	27.371949	26.906851	26.824493	27.497401	27.362053	27.738090	28.745856	28.879288	29.110401	28.467180	27.672012
3584472565.002000	27.968884	27.657329	27.203722	27.310979	26.963033	26.786507	27.510489	27.377057	27.832259	28.764051	28.912487	28.978245	28.414190	27.639133
3584472565.514000	27.949092	27.723406	27.329174	27.367161	26.959522	26.775015	27.489102	27.393337	27.767777	28.744260	28.823425	29.083906	28.470372	27.665628
3584472566.003000	28.005274	27.715107	27.221918	27.363650	26.916747	26.786507	27.507297	27.339070	27.695315	28.792142	28.844813	29.009848	28.419298	27.698507
3584472566.516000	27.980695	27.698507	27.299487	27.367161	26.956330	26.830878	27.541772	27.358861	27.827152	28.843217	28.912487	29.049431	28.450581	27.596358
3584472567.004000	28.043261	27.672012	27.299487	27.294380	26.972929	26.830878	27.489102	27.370353	27.770970	28.745856	28.915679	29.026128	28.369819	27.677120
3584472567.509000	28.033365	27.795868	27.259904	27.403232	26.868864	26.860565	27.525492	27.355350	27.747986	28.777139	28.946962	29.087098	28.351624	27.685420
3584472568.010000	28.011978	27.695315	27.284484	27.371949	26.979313	26.837581	27.492294	27.355350	27.759478	28.831725	28.914083	29.069222	28.422490	27.693719
3584472568.509000	27.985483	27.744794	27.286080	27.419832	26.954734	26.834389	27.622534	27.393337	27.810552	28.770436	28.800123	29.024532	28.378119	27.713511
3584472569.013000	27.955796	27.629237	27.193827	27.333962	26.941646	26.786507	27.510489	27.377057	27.756286	28.739152	28.877692	29.026128	28.348432	27.611042
3584472569.515000	28.011978	27.736494	27.221918	27.360457	26.885464	26.793210	27.546880	27.418236	27.757882	28.831725	28.882800	29.045919	28.386418	27.685420
3584472570.010000	28.002082	27.746390	27.223514	27.380249	26.928239	26.789699	27.462607	27.390145	27.711595	28.755752	28.831725	28.994845	28.381311	27.629237
3584472570.514000	28.064648	27.657329	27.297891	27.343858	26.953137	26.822897	27.495805	27.348966	27.757882	28.729257	28.853113	29.069222	28.340132	27.650625
3584472571.000000	28.002082	27.764585	27.231813	27.419832	26.915151	26.811086	27.457818	27.347370	27.741282	28.697974	28.882800	29.001548	28.416106	27.644241
3584472571.502000	28.025066	27.701700	27.250009	27.416639	26.944838	26.877164	27.525492	27.315767	27.723406	28.783843	28.857901	28.976649	28.366627	27.678716
3584472572.014000	27.945900	27.597954	27.246497	27.315767	26.987613	26.868864	27.538580	27.360457	27.705211	28.787035	28.788631	29.009848	28.477076	27.620938
3584472572.513000	28.036557	27.709999	27.263096	27.414724	26.931750	26.837581	27.503786	27.353754	27.777673	28.793738	28.834917	28.945366	28.417702	27.675524
3584472573.002000	28.033365	27.731387	27.319279	27.377057	26.994316	26.826089	27.535388	27.368757	27.738090	28.778735	28.891099	29.021340	28.409402	27.698507
3584472573.513000	28.002082	27.696911	27.258308	27.426535	27.004212	26.849073	27.569863	27.381845	27.766181	28.745856	28.795334	29.052623	28.369819	27.664032
3584472574.008000	27.990590	27.715107	27.248413	27.348966	26.981229	26.872376	27.606254	27.390145	27.705211	28.758944	28.829810	28.983353	28.328640	27.675524
3584472574.498000	27.965691	27.741282	27.320875	27.373545	26.982825	26.867268	27.555179	27.404828	27.729791	28.765647	28.864604	28.918871	28.429193	27.637537
3584472575.004000	28.000486	27.685420	27.320875	27.386952	26.966225	26.814598	27.528684	27.371949	27.718299	28.717765	28.772351	28.965158	28.353220	27.693719
3584472575.502000	27.947496	27.715107	27.299487	27.441219	26.997509	26.850669	27.517193	27.385037	27.751178	28.767243	28.838109	28.956858	28.328640	27.660521
3584472575.974000	27.955796	27.736494	27.208830	27.423024	26.969418	26.839177	27.535388	27.400040	27.738090	28.778735	28.805230	28.978245	28.363116	27.604658
3584472576.512000	27.980695	27.693719	27.324067	27.368757	26.984421	26.789699	27.546880	27.322471	27.769373	28.739152	28.767243	28.971861	28.384503	27.675524
3584472577.011000	27.941112	27.690208	27.310979	27.403232	26.926643	26.936538	27.533473	27.426535	27.711595	28.765647	28.825022	28.942174	28.392803	27.645837
3584472577.511000	27.970799	27.681908	27.238517	27.381845	26.887060	26.816194	27.497401	27.434516	27.754689	28.755752	28.819914	28.983353	28.391207	27.678716
3584472578.009000	27.975587	27.680312	27.295976	27.414724	26.948030	26.857373	27.579759	27.438027	27.733302	28.754156	28.859497	28.970265	28.416106	27.700104
3584472578.514000	27.988675	27.718299	27.287995	27.385037	26.969418	26.890252	27.528684	27.383441	27.769373	28.739152	28.844813	28.990056	28.410998	27.617746
3584472579.005000	27.927705	27.681908	27.263096	27.418236	27.037091	26.816194	27.607850	27.360457	27.736494	28.765647	28.787035	28.952070	28.341728	27.637537
3584472579.508000	27.992186	27.723406	27.340666	27.383441	26.969418	26.829282	27.466118	27.409936	27.764585	28.696377	28.816722	28.940578	28.366627	27.698507
3584472580.012000	27.911425	27.706807	27.248413	27.409936	26.887060	26.820982	27.531877	27.385037	27.726598	28.694781	28.778735	28.889184	28.310445	27.640729
3584472580.503000	28.005274	27.673928	27.250009	27.413128	26.944838	26.837581	27.467714	27.333962	27.736494	28.716169	28.816722	28.968350	28.426001	27.634345
3584472581.008000	27.990590	27.709999	27.315767	27.396848	26.951541	26.854180	27.604658	27.333962	27.711595	28.768840	28.792142	28.981757	28.376523	27.670416
3584472581.510000	27.980695	27.634345	27.317682	27.451115	26.938134	26.845881	27.457818	27.428131	27.709999	28.678182	28.758944	28.928767	28.412594	27.591251
3584472582.003000	27.952604	27.672012	27.309383	27.441219	26.931750	26.878760	27.573055	27.360457	27.690208	28.689674	28.826618	28.897484	28.381311	27.715107
3584472582.513000	28.082844	27.753093	27.297891	27.383441	26.892167	26.858969	27.530280	27.429727	27.731387	28.671479	28.813530	28.981757	28.394399	27.677120
3584472583.006000	27.992186	27.696911	27.282888	27.457818	26.982825	26.804702	27.578163	27.357265	27.683823	28.699570	28.772351	28.958454	28.401102	27.715107
3584472583.512000	27.967288	27.662117	27.278100	27.447923	26.999105	26.875568	27.527088	27.363650	27.734898	28.777139	28.740748	29.004740	28.389611	27.620938
3584472584.014000	27.954200	27.853647	27.233409	27.452711	26.979313	26.895359	27.543368	27.373545	27.701700	28.681374	28.767243	28.915679	28.409402	27.642325
3584472584.512000	27.968884	27.695315	27.281292	27.406744	26.911959	26.835985	27.510489	27.400040	27.713511	28.694781	28.760540	28.895888	28.442281	27.706807
3584472585.011000	27.968884	27.721491	27.274588	27.381845	26.944838	26.858969	27.493890	27.419832	27.705211	28.656795	28.808422	28.960369	28.440685	27.649029
3584472585.513000	27.980695	27.677120	27.295976	27.370353	26.956330	26.852584	27.482398	27.360457	27.675524	28.648495	28.792142	28.902591	28.437493	27.668820
3584472586.012000	28.021873	27.725002	27.282888	27.345454	26.900148	26.771503	27.517193	27.391741	27.769373	28.730853	28.792142	28.885992	28.386418	27.645837
3584472586.512000	27.944304	27.662117	27.261500	27.345454	26.976121	26.854180	27.571459	27.461011	27.677120	28.732768	28.754156	28.895888	28.351624	27.703615
3584472587.016000	28.015170	27.743198	27.235005	27.391741	26.949626	26.857373	27.584866	27.429727	27.833855	28.699570	28.778735	28.932278	28.382907	27.664032
3584472587.503000	27.980695	27.744794	27.266289	27.426535	26.957926	26.860565	27.619342	27.396848	27.630834	28.656795	28.775543	28.958454	28.335025	27.619342
3584472588.014000	28.030173	27.650625	27.243305	27.477610	26.862480	26.835985	27.517193	27.335559	27.630834	28.722872	28.808422	28.889184	28.280758	27.738090
3584472588.502000	28.003678	27.729791	27.315767	27.446327	26.938134	26.849073	27.525492	27.483994	27.650625	28.696377	28.656795	28.874500	28.303741	27.675524
3584472589.005000	27.937600	27.759478	27.230217	27.345454	26.987613	26.830878	27.487505	27.403232	27.693719	28.638599	28.773947	28.981757	28.307253	27.627641
3584472589.510000	28.031769	27.665628	27.335559	27.388548	26.938134	26.850669	27.485909	27.409936	27.687016	28.661583	28.778735	28.932278	28.344920	27.725002
3584472590.000000	28.071352	27.721491	27.236602	27.416639	26.981229	26.816194	27.592847	27.439623	27.744794	28.782247	28.778735	28.999952	28.331832	27.616150
3584472590.505000	28.048049	27.751178	27.299487	27.449519	27.005808	26.888656	27.464203	27.449519	27.652221	28.641791	28.732768	28.946962	28.368223	27.718299
3584472591.006000	27.990590	27.711595	27.287995	27.421428	26.997509	26.820982	27.548476	27.404828	27.695315	28.722872	28.676586	28.872904	28.348432	27.637537
3584472591.514000	27.977183	27.718299	27.309383	27.404828	26.925046	26.819386	27.531877	27.404828	27.604658	28.706273	28.734364	28.884396	28.315233	27.652221
3584472592.013000	28.036557	27.747986	27.246497	27.353754	27.014108	26.850669	27.582951	27.403232	27.688612	28.658391	28.706273	28.811934	28.341728	27.706807
3584472592.512000	27.970799	27.718299	27.295976	27.375141	27.002616	26.864076	27.518789	27.426535	27.680312	28.643707	28.689674	28.869393	28.359923	27.693719
3584472592.989000	27.967288	27.741282	27.332366	27.452711	26.984421	26.830878	27.543368	27.457818	27.609446	28.671479	28.641791	28.914083	28.315233	27.680312
3584472593.501000	27.977183	27.675524	27.301083	27.452711	26.944838	26.921854	27.490698	27.391741	27.655732	28.645303	28.770436	28.881204	28.310445	27.725002
3584472594.014000	28.020277	27.718299	27.289591	27.378653	26.885464	26.911959	27.553264	27.378653	27.637537	28.707869	28.681374	28.846409	28.320341	27.665628
