3584472436.004000	0.029144	-0.950025	30.193182	29.714358	29.380777	29.891204	28.353858	31.989412	32.834697	34.890450	30.662111	29.154772	31.235104	32.384283
3584472436.495000	0.026912	-0.953234	30.137000	29.641896	29.357794	29.866305	28.267989	31.862364	32.744039	34.835864	30.694990	29.189247	31.299267	32.417162
3584472437.005000	0.027784	-0.951768	30.166687	29.699674	29.341194	29.851302	28.340771	31.898755	32.621780	34.794685	30.624124	29.029320	31.221697	32.359384
3584472437.502000	0.030034	-0.950040	30.046343	29.679883	29.242237	29.854813	28.314276	31.854065	32.664874	34.736907	30.594437	29.166264	31.180518	32.250531
3584472438.005000	0.028330	-0.950654	30.056239	29.588906	29.271924	29.867901	28.256497	31.855661	32.549318	34.617839	30.571454	29.049111	31.180518	32.182857
3584472438.502000	0.029204	-0.949487	30.001653	29.625297	29.229149	29.815230	28.253305	31.801394	32.514523	34.611455	30.605929	28.922063	31.053470	32.037295
3584472439.006000	0.030069	-0.950028	29.975158	29.613805	29.233938	29.793524	28.167436	31.725420	32.517715	34.573468	30.551343	28.963242	31.038467	31.935146
3584472439.506000	0.027713	-0.950196	29.943875	29.539428	29.237130	29.734149	28.243410	31.763407	32.484836	34.527181	30.559643	28.857582	30.984200	31.933549
3584472439.994000	0.028956	-0.950763	29.955366	29.547727	29.191163	29.711166	28.192335	31.609864	32.446849	34.456315	30.460686	28.867477	30.987392	31.797883
3584472440.500000	0.028918	-0.949083	29.884500	29.476542	29.077202	29.701270	28.282992	31.611460	32.304798	34.376831	30.511760	28.799803	30.914611	31.814482
3584472440.996000	0.030223	-0.947016	29.811719	29.493141	29.100186	29.676371	28.258094	31.618164	32.228824	34.314264	30.449194	28.690951	30.918123	31.789902
3584472441.500000	0.030008	-0.946330	29.863113	29.532724	29.042408	29.663283	28.203827	31.565174	32.266811	34.243079	30.417911	28.657752	30.804162	31.634444
3584472442.005000	0.029347	-0.948932	29.740853	29.438555	29.034108	29.648280	28.210211	31.553682	32.171046	34.282662	30.401311	28.677544	30.772879	31.657747
3584472442.505000	0.028512	-0.949554	29.742449	29.420679	29.019424	29.692971	28.169032	31.523995	32.146467	34.190408	30.320230	28.652964	30.683499	31.622952
3584472443.001000	0.028775	-0.949156	29.639981	29.428660	29.035704	29.625297	28.225214	31.425038	32.052298	34.178917	30.256068	28.555284	30.678710	31.448022
3584472443.499000	0.029912	-0.948714	29.777244	29.384288	29.125085	29.570711	28.215319	31.395032	32.062194	34.124331	30.401311	28.557199	30.584542	31.466217
3584472443.998000	0.027769	-0.949643	29.715954	29.351090	28.991333	29.544216	28.157540	31.355449	32.049106	34.078044	30.264368	28.586886	30.564750	31.388647
3584472444.502000	0.030129	-0.947477	29.701270	29.385885	28.920148	29.519636	28.210211	31.291286	31.984624	33.949400	30.239469	28.659348	30.515272	31.381944
3584472444.996000	0.028982	-0.948107	29.602313	29.346302	28.960050	29.524424	28.159136	31.343957	31.968025	33.906306	30.244257	28.670840	30.500268	31.357045
3584472445.504000	0.030900	-0.946506	29.560815	29.360986	28.922063	29.489949	28.210211	31.297671	31.892051	33.871831	30.227977	28.637961	30.462282	31.309162
3584472446.004000	0.032604	-0.944033	29.529532	29.329702	28.867477	29.559219	28.169032	31.195521	31.935146	33.921309	30.174987	28.632853	30.402908	31.203502
3584472446.504000	0.027771	-0.950053	29.453558	29.245429	28.941855	29.453558	28.134557	31.188818	31.895563	33.797453	30.163495	28.606678	30.393012	31.183710
3584472447.002000	0.030345	-0.946063	29.526340	29.291716	28.846090	29.476542	28.215319	31.187222	31.816078	33.780854	30.133808	28.670840	30.399715	31.182114
3584472447.500000	0.028986	-0.945971	29.503037	29.224042	28.912168	29.473350	28.197123	31.193606	31.893647	33.736164	30.186479	28.761817	30.366517	31.183710
3584472447.998000	0.032446	-0.942444	29.499845	29.204250	28.836194	29.354601	28.182120	31.091457	31.733720	33.673597	30.148492	28.637961	30.364921	31.028571
3584472448.497000	0.029429	-0.947201	29.332895	29.195951	28.808103	29.392588	28.192335	31.152427	31.743616	33.686685	30.104121	28.647857	30.351833	31.093053
3584472448.996000	0.030588	-0.946137	29.374393	29.182863	28.809699	29.382692	28.162329	31.114441	31.679134	33.655402	30.084330	28.715530	30.264368	31.049959
3584472449.504000	0.030940	-0.943572	29.339598	29.163072	28.821191	29.446855	28.139345	31.049959	31.656151	33.579428	30.051131	28.753517	30.353429	31.032083
3584472450.005000	0.030940	-0.944762	29.395780	29.209358	28.809699	29.344706	28.154348	31.053470	31.626463	33.566341	30.148492	28.745218	30.262452	31.074858
3584472450.502000	0.031554	-0.943447	29.321403	29.144876	28.750325	29.379181	28.119554	30.995692	31.590073	33.462276	29.973562	28.670840	30.180095	31.013887
3584472451.006000	0.030721	-0.943811	29.240641	29.166264	28.738514	29.402484	28.170628	30.997288	31.561982	33.497071	30.059431	28.580183	30.181691	31.023783
3584472451.505000	0.029924	-0.945985	29.240641	29.096994	28.712338	29.322999	28.187228	30.909823	31.533891	33.528354	30.009952	28.680736	30.181691	30.988989
3584472451.997000	0.030112	-0.945630	29.192759	29.133384	28.725426	29.285012	28.195527	30.932806	31.457917	33.424289	29.977073	28.733726	30.198290	30.944298
3584472452.498000	0.031335	-0.943679	29.290120	29.032512	28.680736	29.322999	28.195527	30.881732	31.426634	33.414394	29.927275	28.666052	30.107313	30.919719
3584472453.003000	0.029778	-0.945398	29.157964	29.034108	28.677544	29.189247	28.146049	30.842149	31.404927	33.393006	29.986969	28.705635	30.087522	30.947810
3584472453.505000	0.028708	-0.947652	29.181267	28.977926	28.580183	29.242237	28.172224	30.832253	31.381944	33.437377	29.861517	28.700846	30.079222	30.937914
3584472453.996000	0.029398	-0.948016	29.105293	29.002825	28.687439	29.222446	28.159136	30.807354	31.451214	33.280642	29.942278	28.539004	30.041235	30.924507
3584472454.505000	0.029265	-0.947839	29.118381	28.956539	28.613062	29.257240	28.178928	30.757876	31.340765	33.345124	29.856409	28.647857	30.057835	30.875028
3584472455.005000	0.031198	-0.944680	29.111678	28.984630	28.550496	29.277032	28.210211	30.820762	31.314270	33.282238	29.905888	28.598378	30.032936	30.868644
3584472455.504000	0.028951	-0.945722	29.055815	28.925255	28.581779	29.186055	28.147645	30.700098	31.281391	33.292134	29.881308	28.595186	30.049535	30.814058
3584472456.001000	0.030500	-0.946394	29.014317	28.908656	28.621362	29.189247	28.079971	30.716697	31.220101	33.193177	29.877797	28.560391	30.029744	30.804162
3584472456.506000	0.028057	-0.948540	29.049111	28.902272	28.504209	29.169456	28.180524	30.678710	31.198714	33.186473	29.788735	28.550496	30.028148	30.820762
3584472456.999000	0.029179	-0.945436	28.992929	28.892376	28.502613	29.113593	28.157540	30.675199	31.192010	33.174981	29.846514	28.613062	30.001653	30.911419
3584472457.496000	0.027261	-0.946375	28.958135	28.885673	28.499421	29.133384	28.030492	30.719889	31.142532	33.092304	29.869497	28.561987	30.061027	30.812462
3584472458.000000	0.027252	-0.949468	28.892376	28.884077	28.464626	29.106890	28.180524	30.687010	31.154023	33.104115	29.810123	28.505805	29.910995	30.782775
3584472458.494000	0.028384	-0.946453	28.888865	28.808103	28.525597	29.040812	28.116361	30.607525	31.101353	33.039634	29.760644	28.543792	29.977073	30.873432
3584472459.005000	0.028387	-0.947467	28.880565	28.808103	28.451539	29.024213	28.111254	30.614229	31.066558	32.958553	29.808527	28.545388	29.939086	30.871836
3584472459.504000	0.026901	-0.946625	28.884077	28.872266	28.439728	29.029320	28.108062	30.647108	31.086350	32.947061	29.839810	28.494314	29.912591	30.772879
3584472460.006000	0.026885	-0.948806	28.850878	28.793100	28.405252	29.009529	28.078375	30.553258	30.998884	32.991751	29.765752	28.563583	29.863113	30.792671
3584472460.505000	0.026586	-0.947219	28.836194	28.806507	28.360562	29.035704	28.132642	30.546555	31.023783	32.937165	29.706058	28.472926	29.922487	30.650619
3584472461.004000	0.028627	-0.946525	28.794696	28.725426	28.355774	28.920148	28.136153	30.459090	31.010376	32.856404	29.722658	28.425044	29.815230	30.711590
3584472461.505000	0.028483	-0.947013	28.778416	28.780012	28.319383	28.943451	28.112850	30.501865	30.838638	32.828313	29.687863	28.456327	29.835022	30.672007
3584472462.004000	0.027236	-0.947505	28.753517	28.750325	28.342367	28.893972	28.154348	30.371624	30.903119	32.818417	29.719466	28.514105	29.805335	30.617421
3584472462.504000	0.027696	-0.947135	28.705635	28.770116	28.343963	28.910252	28.081567	30.485585	30.931210	32.866299	29.730957	28.514105	29.863113	30.569538
3584472463.000000	0.028779	-0.947434	28.776501	28.684247	28.256497	28.862370	28.108062	30.432595	30.883328	32.737336	29.737661	28.543792	29.826722	30.574646
3584472463.506000	0.027735	-0.945371	28.733726	28.677544	28.325767	28.900357	28.104550	30.381520	30.785967	32.729036	29.699674	28.567095	29.815230	30.554854
3584472463.999000	0.028988	-0.943177	28.677544	28.622958	28.266393	28.850878	28.101358	30.378009	30.822358	32.722652	29.616997	28.502613	29.775648	30.556451
3584472464.506000	0.026481	-0.947278	28.606678	28.695739	28.267989	28.798207	28.064968	30.348322	30.799055	32.696157	29.661687	28.522405	29.768944	30.592841
3584472464.997000	0.026575	-0.949677	28.694143	28.704039	28.246602	28.860774	28.146049	30.374816	30.757876	32.692965	29.696163	28.626469	29.836618	30.544959
3584472465.504000	0.027515	-0.947336	28.616573	28.646260	28.225214	28.855986	28.088270	30.320230	30.738085	32.611884	29.613805	28.482822	29.805335	30.511760
3584472466.005000	0.029430	-0.942967	28.535492	28.636365	28.258094	28.793100	28.111254	30.330126	30.716697	32.580601	29.626893	28.558795	29.762240	30.506972
3584472466.506000	0.026700	-0.945891	28.575075	28.568691	28.243410	28.735322	28.089867	30.275859	30.723081	32.615395	29.590502	28.563583	29.790332	30.493565
3584472467.004000	0.026255	-0.948087	28.540600	28.646260	28.212126	28.770116	28.083163	30.224466	30.627317	32.559213	29.556027	28.545388	29.805335	30.422699
3584472467.504000	0.026586	-0.948636	28.466223	28.567095	28.256497	28.728618	28.106466	30.249364	30.694990	32.539422	29.595610	28.519212	29.759048	30.427806
3584472468.000000	0.028732	-0.946207	28.510913	28.583375	28.188824	28.679140	28.106466	30.188394	30.683499	32.580601	29.648280	28.469415	29.778840	30.417911
3584472468.501000	0.030357	-0.943055	28.497506	28.540600	28.172224	28.722234	28.094655	30.198290	30.602737	32.535910	29.664880	28.472926	29.684671	30.361729
3584472469.001000	0.028002	-0.945176	28.481226	28.532300	28.175736	28.746814	28.121150	30.227977	30.566346	32.512927	29.565922	28.550496	29.791928	30.457493
3584472469.505000	0.025597	-0.947588	28.476118	28.487610	28.167436	28.715530	28.091463	30.199886	30.551343	32.451957	29.616997	28.492717	29.712762	30.358217
3584472470.006000	0.027338	-0.946492	28.456327	28.505805	28.127853	28.695739	28.102954	30.160303	30.548151	32.524419	29.549323	28.474522	29.808527	30.402908
3584472470.477000	0.028630	-0.944849	28.537089	28.494314	28.146049	28.606678	28.055072	30.168603	30.577838	32.432165	29.628489	28.548900	29.798631	30.409611
3584472471.007000	0.028285	-0.946482	28.487610	28.477714	28.098166	28.618169	28.046772	30.099014	30.505376	32.392263	29.511337	28.487610	29.797035	30.384712
3584472471.504000	0.026834	-0.948600	28.410040	28.489525	28.076459	28.621362	28.053476	30.097418	30.452386	32.379175	29.626893	28.504209	29.750749	30.341937
3584472472.005000	0.026405	-0.948411	28.388653	28.423448	28.061776	28.643068	28.070075	30.042832	30.455578	32.387475	29.557623	28.489525	29.843321	30.320230
3584472472.499000	0.027342	-0.946474	28.387057	28.342367	28.010701	28.603166	28.022193	30.123913	30.421103	32.332889	29.499845	28.489525	29.780436	30.349918
3584472472.999000	0.029193	-0.944513	28.380353	28.431428	28.091463	28.532300	28.109658	30.023040	30.442490	32.252127	29.527936	28.522405	29.772136	30.277456
3584472473.497000	0.028412	-0.945947	28.377161	28.448027	28.053476	28.545388	28.165840	30.082734	30.435787	32.291710	29.536235	28.487610	29.803739	30.292139
3584472474.004000	0.027240	-0.948293	28.320979	28.487610	28.076459	28.533896	28.012297	29.980265	30.355025	32.215737	29.519636	28.502613	29.763837	30.264368
3584472474.498000	0.027132	-0.948508	28.334067	28.439728	28.007190	28.494314	28.106466	29.985053	30.409611	32.228824	29.512933	28.494314	29.753941	30.214570
3584472475.005000	0.026825	-0.947969	28.360562	28.401741	28.056668	28.573479	28.093059	30.061027	30.322146	32.184453	29.522828	28.595186	29.725850	30.201482
3584472475.499000	0.026865	-0.947499	28.269905	28.416744	27.990910	28.553688	28.104550	29.968773	30.323742	32.157958	29.489949	28.553688	29.780436	30.282244
3584472476.002000	0.026391	-0.950256	28.233514	28.388653	27.985802	28.499421	28.066564	29.950578	30.328530	32.189242	29.413976	28.571883	29.722658	30.249364
3584472476.500000	0.026232	-0.947742	28.260009	28.383546	27.909829	28.497506	28.084759	29.943875	30.284159	32.152851	29.466646	28.491121	29.735746	30.274263
3584472476.998000	0.027273	-0.946977	28.260009	28.301188	27.951007	28.411637	28.147645	29.933979	30.246172	32.126675	29.451962	28.591674	29.612209	30.242661
3584472477.500000	0.029208	-0.944971	28.279800	28.325767	27.964415	28.443239	28.071671	29.975158	30.312250	32.030910	29.436959	28.593271	29.725850	30.206590
3584472477.999000	0.027943	-0.945654	28.277885	28.289696	27.954519	28.363754	28.073267	29.905888	30.290543	32.123164	29.453558	28.522405	29.694567	30.222870
3584472478.505000	0.026272	-0.948971	28.174140	28.301188	27.909829	28.425044	28.053476	29.920891	30.198290	32.039210	29.460262	28.486014	29.658176	30.183287
3584472479.004000	0.027549	-0.946133	28.197123	28.301188	27.970799	28.388653	28.050284	29.892800	30.221273	32.066982	29.418764	28.539004	29.737661	30.138596
3584472479.502000	0.028051	-0.947240	28.099762	28.277885	27.871842	28.311083	28.050284	29.823530	30.150407	31.991328	29.450366	28.578587	29.562411	30.123913
3584472479.994000	0.025714	-0.949840	28.142537	28.281396	27.833855	28.393760	28.063372	29.910995	30.120720	31.971217	29.331299	28.533896	29.622105	30.070923
3584472480.500000	0.027691	-0.947090	28.157540	28.248198	27.861946	28.434939	28.093059	29.831510	30.104121	31.959725	29.425467	28.583375	29.618593	30.094225
3584472481.006000	0.026793	-0.949471	28.116361	28.174140	27.774481	28.370458	27.952923	29.765752	30.120720	31.948233	29.367689	28.522405	29.598802	30.061027
3584472481.505000	0.027029	-0.949315	28.081567	28.175736	27.848858	28.260009	28.051880	29.793524	30.148492	31.900351	29.315019	28.532300	29.574222	30.044747
3584472481.997000	0.028717	-0.946235	28.064968	28.245006	27.792676	28.325767	28.043580	29.833426	30.072838	31.870664	29.326510	28.580183	29.557623	30.146896
3584472482.499000	0.026839	-0.946756	28.071671	28.127853	27.743198	28.261605	28.043580	29.768944	30.072838	31.915354	29.298419	28.529108	29.598802	30.082734
3584472483.005000	0.027839	-0.946060	28.071671	28.222022	27.800976	28.246602	28.018681	29.750749	30.018252	31.809694	29.408868	28.584971	29.522828	30.016656
3584472483.494000	0.026452	-0.947304	28.028577	28.162329	27.695315	28.274693	28.051880	29.765752	30.062942	31.822781	29.262029	28.555284	29.506548	30.042832
3584472483.998000	0.027975	-0.945978	28.086674	28.184035	27.688612	28.276289	28.060179	29.725850	30.077626	31.761811	29.322999	28.552092	29.488353	29.942278
3584472484.499000	0.026553	-0.947626	28.005593	28.117958	27.776077	28.254901	27.990910	29.661687	30.029744	31.776495	29.225638	28.535492	29.509740	29.955366
3584472484.998000	0.025486	-0.950017	28.068479	28.180524	27.711595	28.233514	27.994102	29.661687	29.942278	31.715525	29.280224	28.550496	29.494737	30.028148
3584472485.499000	0.026348	-0.948685	27.977502	28.197123	27.721491	28.222022	27.994102	29.664880	29.937171	31.727017	29.232342	28.539004	29.481649	29.887692
3584472486.006000	0.028019	-0.945733	27.985802	28.109658	27.705211	28.174140	28.012297	29.628489	30.005164	31.723824	29.176159	28.502613	29.387481	29.915784
3584472486.496000	0.030700	-0.943012	28.005593	28.083163	27.690208	28.147645	28.063372	29.660091	29.884500	31.717121	29.205847	28.502613	29.524424	29.950578
3584472486.997000	0.026529	-0.946524	27.966011	28.109658	27.701700	28.256497	27.964415	29.574222	29.876201	31.756704	29.189247	28.499421	29.518040	29.983457
3584472487.506000	0.026298	-0.949064	27.941112	28.104550	27.675524	28.160733	28.018681	29.600398	29.912591	31.656151	29.106890	28.525597	29.501441	29.884500
3584472487.996000	0.028643	-0.945689	27.936324	28.172224	27.611042	28.121150	27.962818	29.546131	29.877797	31.680730	29.172967	28.563583	29.428660	29.948982
3584472488.500000	0.027991	-0.947037	27.905040	28.045176	27.653817	28.195527	27.898337	29.522828	29.823530	31.736912	29.148068	28.441643	29.423871	29.823530
3584472488.998000	0.026135	-0.945675	27.898337	28.116361	27.683823	28.098166	27.998890	29.486438	29.785543	31.545382	29.091886	28.553688	29.433767	29.863113
3584472489.500000	0.027401	-0.946154	27.934727	28.036877	27.573055	28.122746	27.972714	29.575818	29.798631	31.611460	29.153176	28.532300	29.456751	29.871412
3584472490.005000	0.026420	-0.947594	27.985802	28.116361	27.624130	28.190420	27.970799	29.474946	29.795439	31.487604	29.072095	28.499421	29.404080	29.833426
3584472490.494000	0.027178	-0.947060	27.928024	28.033684	27.558052	28.117958	28.008786	29.501441	29.768944	31.609864	29.096994	28.443239	29.354601	29.886096
3584472490.997000	0.029658	-0.944658	27.842155	28.053476	27.599550	28.086674	27.954519	29.394184	29.729361	31.535487	29.080395	28.527193	29.389077	29.775648
3584472491.502000	0.026332	-0.948721	27.941112	28.041984	27.553264	28.091463	27.974310	29.415572	29.739257	31.500692	29.039216	28.443239	29.341194	29.724254
3584472492.004000	0.025330	-0.949970	27.865138	27.998890	27.558052	28.048688	27.957711	29.423871	29.721062	31.433018	29.123489	28.553688	29.313103	29.732553
3584472492.498000	0.027856	-0.944267	27.855243	27.952923	27.578163	27.980695	27.903125	29.379181	29.709570	31.456321	28.992929	28.474522	29.331299	29.709570
3584472493.007000	0.029376	-0.945952	27.858754	28.017085	27.582951	28.026981	27.985802	29.440471	29.651792	31.456321	29.065711	28.601570	29.353005	29.654984
3584472493.504000	0.026718	-0.946108	27.853647	28.022193	27.554860	28.038792	27.899933	29.397376	29.658176	31.414823	28.968030	28.509317	29.334810	29.671583
3584472494.004000	0.027956	-0.947431	27.835451	28.022193	27.538261	28.018681	27.947815	29.392588	29.648280	31.451214	29.009529	28.425044	29.277032	29.547727
3584472494.497000	0.027062	-0.948398	27.815660	28.002401	27.640729	27.954519	27.969203	29.395780	29.648280	31.398543	29.011125	28.509317	29.318211	29.554431
3584472494.999000	0.027420	-0.946631	27.857158	27.952923	27.546560	28.005593	27.995698	29.404080	29.630085	31.383540	29.047515	28.494314	29.277032	29.610294
3584472495.505000	0.031046	-0.942811	27.830663	27.966011	27.546560	27.988994	27.893229	29.338002	29.539428	31.373644	28.954943	28.509317	29.230745	29.503037
3584472496.000000	0.028673	-0.943085	27.804168	28.025385	27.498678	27.979099	27.956115	29.306719	29.588906	31.264791	29.055815	28.505805	29.271924	29.499845
3584472496.502000	0.027306	-0.946362	27.819171	27.966011	27.605935	27.994102	27.988994	29.311507	29.574222	31.264791	28.925255	28.474522	29.176159	29.509740
3584472496.999000	0.029832	-0.945529	27.734898	27.947815	27.515277	27.914936	27.970799	29.275116	29.554431	31.271495	28.961646	28.474522	29.258836	29.474946
3584472497.499000	0.029527	-0.942952	27.698507	27.975906	27.495486	27.929620	27.913021	29.240641	29.577414	31.254896	28.979841	28.451539	29.232342	29.473350
3584472497.999000	0.030732	-0.942455	27.698507	27.937920	27.523577	27.850454	27.990910	29.227234	29.499845	31.192010	28.905464	28.436535	29.248941	29.417168
3584472498.498000	0.028597	-0.946063	27.759478	27.960903	27.500274	27.943027	27.966011	29.219254	29.539428	31.185626	28.945047	28.509317	29.258836	29.465050
3584472499.005000	0.028187	-0.945372	27.723406	27.865138	27.492294	27.954519	27.908233	29.176159	29.557623	31.208609	28.902272	28.489525	29.217338	29.468562
3584472499.494000	0.029840	-0.944540	27.725002	27.936324	27.559968	27.918128	27.946219	29.215742	29.407272	31.140935	28.895568	28.537089	29.313103	29.423871
3584472499.999000	0.029691	-0.943357	27.731706	27.916532	27.531877	27.943027	27.980695	29.233938	29.453558	31.129444	28.890461	28.487610	29.275116	29.405676
3584472500.496000	0.029293	-0.944058	27.743198	27.885249	27.512085	27.888441	28.000805	29.237130	29.432171	31.177326	28.948239	28.489525	29.268732	29.413976
3584472501.004000	0.030251	-0.944148	27.805764	27.908233	27.449200	27.939516	27.860350	29.239045	29.415572	31.175730	28.882161	28.419936	29.239045	29.400888
3584472501.505000	0.030006	-0.945503	27.701700	27.903125	27.450796	27.850454	27.943027	29.219254	29.359390	31.086350	28.839386	28.482822	29.169456	29.470158
3584472502.000000	0.028515	-0.946325	27.733302	27.899933	27.444411	27.899933	27.949411	29.204250	29.377585	31.070069	28.862370	28.391845	29.167860	29.430575
3584472502.501000	0.031672	-0.943317	27.695315	27.898337	27.388229	27.901529	27.911425	29.184459	29.367689	31.053470	28.859178	28.380353	29.174563	29.394184
3584472502.997000	0.027644	-0.947853	27.709999	27.911425	27.437708	27.731706	27.886845	29.199462	29.397376	31.127848	28.780012	28.471330	29.176159	29.342790
3584472503.494000	0.027622	-0.946961	27.711595	27.891633	27.408021	27.823959	27.929620	29.105293	29.319807	31.087946	28.819595	28.410040	29.201058	29.374393
3584472503.997000	0.028584	-0.947927	27.675524	27.870246	27.361734	27.799380	27.893229	29.207443	29.316615	30.997288	28.806507	28.410040	29.096994	29.300015
3584472504.506000	0.028928	-0.946373	27.619342	27.896741	27.419512	27.815660	27.962818	29.143280	29.328106	31.005588	28.778416	28.319383	29.116785	29.270328
3584472504.999000	0.026890	-0.949468	27.615830	27.850454	27.336835	27.736494	27.838963	29.095398	29.294908	30.932806	28.771712	28.335663	29.126681	29.334810
3584472505.495000	0.028634	-0.949180	27.554860	27.837366	27.373226	27.756286	27.852050	29.103697	29.288524	31.013887	28.796611	28.365669	29.075606	29.336406
3584472505.995000	0.028611	-0.947220	27.588059	27.865138	27.381526	27.799380	27.890037	29.108486	29.273520	30.985796	28.736918	28.337578	29.080395	29.288524
3584472506.497000	0.029057	-0.945890	27.657329	27.857158	27.335239	27.713511	27.895145	29.111678	29.172967	30.921315	28.748729	28.332471	29.021020	29.235534
3584472507.000000	0.029773	-0.944754	27.620938	27.812468	27.355031	27.719895	27.980695	29.070499	29.257240	30.898331	28.850878	28.349070	29.034108	29.331299
3584472507.499000	0.029521	-0.947060	27.658925	27.855243	27.356627	27.729791	27.951007	29.034108	29.220850	30.870240	28.720638	28.345878	29.075606	29.294908
3584472508.005000	0.027911	-0.949113	27.586143	27.830663	27.318640	27.784377	27.893229	28.976330	29.192759	30.866729	28.677544	28.309487	29.080395	29.252133
3584472508.505000	0.029246	-0.945926	27.640729	27.777673	27.343539	27.743198	27.857158	29.035704	29.195951	30.846937	28.692547	28.267989	28.968030	29.148068
3584472509.003000	0.031175	-0.945130	27.622534	27.850454	27.315448	27.738090	27.908233	28.968030	29.139769	30.845341	28.730534	28.136153	29.011125	29.209358
3584472509.499000	0.029234	-0.945555	27.647433	27.797464	27.333643	27.747986	27.895145	29.029320	29.129873	30.814058	28.682651	28.263201	29.024213	29.189247
3584472509.999000	0.029432	-0.947021	27.531877	27.749582	27.300764	27.695315	27.890037	28.963242	29.119977	30.846937	28.732130	28.246602	29.017828	29.242237
3584472510.505000	0.029853	-0.947715	27.536665	27.795868	27.388229	27.769373	27.944623	29.011125	29.143280	30.805758	28.621362	28.088270	29.060603	29.247345
3584472511.002000	0.029447	-0.946439	27.582951	27.794272	27.322151	27.691804	27.843751	28.992929	29.199462	30.799055	28.631257	28.160733	29.050707	29.144876
3584472511.504000	0.028273	-0.947859	27.591251	27.797464	27.351839	27.691804	27.867054	28.961646	29.164668	30.652215	28.628065	28.193931	29.004421	29.151580
3584472512.004000	0.029906	-0.948265	27.503786	27.794272	27.294060	27.668820	27.871842	28.907060	29.128277	30.787563	28.649453	28.078375	28.956539	29.195951
3584472512.504000	0.029325	-0.946647	27.566352	27.802572	27.358542	27.701700	27.860350	28.945047	29.024213	30.766176	28.629661	28.213722	28.987822	29.093482
3584472513.006000	0.029251	-0.949044	27.540176	27.757882	27.247774	27.596039	27.903125	28.936747	29.072095	30.751172	28.679140	28.032088	28.986226	29.143280
3584472513.498000	0.030607	-0.946257	27.528365	27.782781	27.288953	27.533473	27.891633	28.930044	29.108486	30.726593	28.654560	28.018681	28.963242	29.105293
3584472514.005000	0.029154	-0.947421	27.591251	27.794272	27.267565	27.634026	27.911425	28.981438	29.148068	30.738085	28.618169	28.036877	28.964838	29.088694
3584472514.498000	0.028983	-0.948270	27.543368	27.785973	27.209787	27.625726	27.835451	28.892376	29.039216	30.711590	28.619766	28.081567	28.954943	29.096994
3584472514.997000	0.029155	-0.946922	27.520066	27.774481	27.269162	27.546560	27.861946	28.791504	29.004421	30.703290	28.616573	28.124342	28.928448	29.095398
3584472515.506000	0.029035	-0.950479	27.464203	27.705211	27.307148	27.683823	27.830663	28.960050	29.138173	30.713186	28.578587	27.906636	28.963242	29.052304
3584472516.005000	0.028710	-0.947991	27.564756	27.754689	27.237878	27.559968	27.946219	28.912168	29.035704	30.691798	28.694143	28.010701	28.939939	29.080395
3584472516.499000	0.029797	-0.948017	27.434516	27.705211	27.178504	27.567948	27.820767	28.862370	29.004421	30.700098	28.626469	27.956115	28.874181	28.998037
3584472517.004000	0.030098	-0.948186	27.503786	27.711595	27.201488	27.521981	27.852050	28.875777	29.050707	30.673603	28.550496	27.781184	28.912168	29.017828
3584472517.500000	0.030189	-0.947096	27.516873	27.703615	27.264373	27.611042	27.810872	28.862370	29.017828	30.538255	28.565180	27.937920	28.878969	29.006017
3584472517.999000	0.031208	-0.944389	27.482398	27.725002	27.216491	27.597954	27.817256	28.915360	28.991333	30.642320	28.565180	27.805764	28.864285	29.025809
3584472518.501000	0.030425	-0.945749	27.465799	27.688612	27.199892	27.548157	27.772885	28.802996	29.030916	30.630828	28.583375	27.832259	28.857582	28.999633
3584472519.006000	0.031672	-0.946975	27.500274	27.713511	27.148817	27.584547	27.789484	28.880565	29.002825	30.574646	28.519212	27.850454	28.862370	29.006017
3584472519.505000	0.031726	-0.946574	27.427812	27.649029	27.209787	27.581355	27.789484	28.814487	29.029320	30.652215	28.519212	27.832259	28.847686	29.014317
3584472520.000000	0.032297	-0.944710	27.440900	27.708403	27.168608	27.492294	27.819171	28.780012	28.973138	30.587734	28.491121	27.810872	28.812891	28.935151
3584472520.504000	0.033368	-0.945423	27.490378	27.663713	27.168608	27.506978	27.835451	28.791504	28.930044	30.535063	28.524001	27.871842	28.791504	28.960050
3584472521.004000	0.030453	-0.948114	27.452392	27.670416	27.216491	27.502189	27.842155	28.839386	28.847686	30.497076	28.469415	27.838963	28.728618	28.916956
3584472521.499000	0.029876	-0.948383	27.381526	27.673609	27.185208	27.510170	27.782781	28.791504	28.981438	30.556451	28.540600	27.855243	28.745218	28.912168
3584472522.005000	0.031341	-0.946966	27.414405	27.619342	27.133814	27.490378	27.810872	28.809699	28.915360	30.497076	28.570287	27.817256	28.819595	28.953347
3584472522.498000	0.030320	-0.949363	27.447603	27.612638	27.196699	27.475694	27.853647	28.773309	28.941855	30.513676	28.529108	27.871842	28.809699	28.916956
3584472523.005000	0.028997	-0.948807	27.422705	27.650625	27.132218	27.478887	27.772885	28.766605	28.931959	30.558047	28.499421	27.850454	28.748729	28.887269
3584472523.505000	0.031323	-0.946556	27.455903	27.658925	27.165097	27.505382	27.822363	28.725426	28.885673	30.473774	28.471330	27.809275	28.730534	28.916956
3584472523.998000	0.031319	-0.948169	27.478887	27.657329	27.168608	27.480483	27.833855	28.704039	28.936747	30.478881	28.601570	27.833855	28.801400	28.882161
3584472524.503000	0.029690	-0.948430	27.364926	27.642325	27.209787	27.498678	27.838963	28.712338	28.910252	30.495480	28.482822	27.817256	28.796611	28.887269
3584472525.006000	0.032211	-0.945772	27.464203	27.708403	27.206595	27.436112	27.776077	28.736918	28.869073	30.500268	28.517297	27.759478	28.682651	28.865881
3584472525.498000	0.029805	-0.948562	27.408021	27.672012	27.102531	27.460691	27.797464	28.774905	28.885673	30.417911	28.436535	27.878545	28.728618	28.846090
3584472526.000000	0.029472	-0.950409	27.391421	27.576248	27.117215	27.399721	27.807360	28.684247	28.793100	30.478881	28.482822	27.812468	28.659348	28.811295
3584472526.502000	0.030575	-0.948524	27.429408	27.652221	27.104127	27.411213	27.867054	28.728618	28.783204	30.407696	28.441643	27.805764	28.662860	28.796611
3584472527.005000	0.032209	-0.945831	27.379930	27.647433	27.079547	27.370034	27.815660	28.735322	28.742025	30.417911	28.418340	27.825555	28.672755	28.746814
3584472527.504000	0.027800	-0.948845	27.336835	27.705211	27.097423	27.368438	27.863542	28.745218	28.831087	30.414399	28.484418	27.833855	28.654560	28.765009
3584472528.006000	0.029099	-0.950721	27.411213	27.622534	27.084335	27.398125	27.776077	28.727022	28.756709	30.358217	28.396953	27.867054	28.667648	28.730534
3584472528.498000	0.028251	-0.952462	27.348646	27.614234	27.076036	27.434516	27.741602	28.773309	28.812891	30.368113	28.453135	27.871842	28.654560	28.763413
3584472529.004000	0.029996	-0.949644	27.356627	27.576248	27.109234	27.394614	27.733302	28.710742	28.756709	30.341937	28.395357	27.819171	28.680736	28.778416
3584472529.502000	0.032965	-0.945987	27.414405	27.566352	27.155201	27.414405	27.776077	28.654560	28.789908	30.376413	28.391845	27.921320	28.647857	28.708827
3584472530.005000	0.029471	-0.948863	27.376737	27.645837	27.099339	27.398125	27.815660	28.689035	28.780012	30.358217	28.358966	27.860350	28.636365	28.677544
3584472530.498000	0.029556	-0.948277	27.419512	27.634026	27.109234	27.346731	27.746390	28.666052	28.788312	30.376413	28.413552	27.878545	28.626469	28.708827
3584472531.007000	0.029126	-0.951371	27.340347	27.667224	27.053052	27.366523	27.784377	28.634769	28.770116	30.312250	28.304380	28.050284	28.628065	28.679140
3584472531.498000	0.029766	-0.949845	27.295657	27.602743	27.067736	27.416320	27.812468	28.629661	28.812891	30.307143	28.423448	28.002401	28.621362	28.656156
3584472532.005000	0.029197	-0.947568	27.379930	27.624130	27.047945	27.322151	27.799380	28.611466	28.704039	30.265964	28.322575	27.926428	28.614977	28.698931
3584472532.505000	0.029493	-0.951310	27.325344	27.635941	27.061352	27.307148	27.802572	28.616573	28.718723	30.363325	28.377161	27.901529	28.527193	28.708827
3584472533.005000	0.031262	-0.944976	27.378334	27.680312	27.097423	27.346731	27.804168	28.553688	28.646260	30.209782	28.355774	27.871842	28.643068	28.644664
3584472533.498000	0.029987	-0.948034	27.401317	27.592847	27.015065	27.336835	27.804168	28.555284	28.758625	30.315442	28.350666	27.962818	28.581779	28.632853
3584472534.003000	0.033146	-0.946039	27.308744	27.561564	26.991763	27.315448	27.764585	28.598378	28.712338	30.221273	28.357370	27.995698	28.545388	28.614977
3584472534.497000	0.028927	-0.951050	27.386633	27.536665	27.059436	27.287357	27.754689	28.537089	28.707231	30.256068	28.317787	27.928024	28.545388	28.608274
3584472534.997000	0.029145	-0.949520	27.379930	27.581355	27.011554	27.277461	27.733302	28.576991	28.631257	30.237873	28.267989	27.975906	28.550496	28.644664
3584472535.495000	0.028761	-0.950561	27.366523	27.563160	27.009958	27.303956	27.764585	28.555284	28.608274	30.218081	28.339174	28.030492	28.548900	28.570287
3584472536.002000	0.029092	-0.949784	27.295657	27.581355	26.965587	27.317044	27.774481	28.613062	28.659348	30.239469	28.324171	28.132642	28.540600	28.547303
3584472536.500000	0.028425	-0.950570	27.292464	27.630834	27.005170	27.260862	27.756286	28.540600	28.618169	30.216485	28.334067	28.015489	28.601570	28.586886
3584472537.000000	0.029191	-0.949271	27.322151	27.550072	27.039645	27.307148	27.725002	28.568691	28.495910	30.216485	28.372054	27.977502	28.527193	28.520808
3584472537.498000	0.028935	-0.951055	27.341943	27.553264	27.023365	27.317044	27.764585	28.501017	28.451539	30.127105	28.260009	28.005593	28.573479	28.595186
3584472538.005000	0.029738	-0.950519	27.320555	27.551668	27.079547	27.259266	27.723406	28.484418	28.218511	30.208186	28.240217	27.929620	28.550496	28.463030
3584472538.496000	0.031805	-0.947044	27.328855	27.498678	27.066140	27.264373	27.738090	28.505805	28.377161	30.227977	28.258094	28.051880	28.634769	28.571883
3584472539.002000	0.028750	-0.951335	27.318640	27.614234	27.006766	27.294060	27.757882	28.520808	28.223618	30.115613	28.305976	28.017085	28.563583	28.495910
3584472539.499000	0.027959	-0.952463	27.325344	27.624130	27.061352	27.288953	27.785973	28.469415	28.045176	30.148492	28.250113	28.218511	28.547303	28.489525
3584472540.006000	0.028205	-0.952002	27.264373	27.561564	26.978675	27.211383	27.764585	28.545388	28.013893	30.140512	28.347474	28.066564	28.547303	28.486014
3584472540.499000	0.029369	-0.949635	27.302360	27.630834	26.991763	27.236282	27.726598	28.459519	28.051880	30.064538	28.267989	28.210211	28.539004	28.568691
3584472541.005000	0.027268	-0.950356	27.326940	27.558052	26.942284	27.218087	27.777673	28.464626	27.895145	30.122316	28.281396	28.098166	28.504209	28.517297
3584472541.501000	0.028015	-0.951157	27.287357	27.526769	26.986974	27.270758	27.738090	28.484418	27.762989	30.125509	28.228406	28.302784	28.519212	28.570287
3584472541.999000	0.030646	-0.949617	27.364926	27.559968	26.998466	27.189996	27.757882	28.535492	27.687016	30.123913	28.192335	28.236706	28.548900	28.446431
3584472542.497000	0.029642	-0.950350	27.335239	27.538261	26.929196	27.227983	27.749582	28.411637	27.687016	30.127105	28.235110	28.174140	28.514105	28.497506
3584472543.006000	0.032317	-0.947769	27.295657	27.564756	27.003574	27.242986	27.792676	28.411637	27.837366	30.039639	28.165840	28.216915	28.504209	28.504209
3584472543.497000	0.028817	-0.949065	27.285761	27.592847	26.983782	27.275865	27.729791	28.466223	27.642325	30.018252	28.223618	28.238302	28.530704	28.495910
3584472543.993000	0.029731	-0.948789	27.267565	27.579759	26.940688	27.196699	27.738090	28.381949	27.696911	30.028148	28.213722	28.136153	28.550496	28.505805
3584472544.506000	0.031968	-0.947167	27.257670	27.518469	27.043156	27.208191	27.729791	28.410040	27.579759	30.034851	28.170628	28.116361	28.482822	28.467819
3584472544.993000	0.032552	-0.944086	27.345135	27.594443	27.006766	27.180100	27.784377	28.434939	27.554860	30.074434	28.126257	28.205423	28.580183	28.466223
3584472545.499000	0.031686	-0.945298	27.227983	27.503786	26.897913	27.147221	27.807360	28.365669	27.053052	30.039639	28.228406	28.284588	28.542196	28.444835
3584472545.995000	0.032240	-0.946735	27.300764	27.581355	26.971971	27.224791	27.753093	28.459519	27.246178	29.957282	28.184035	28.192335	28.542196	28.400145
3584472546.505000	0.031347	-0.945141	27.330451	27.523577	26.958883	27.153605	27.691804	28.390249	27.071247	29.994949	28.114446	28.190420	28.489525	28.415148
3584472546.998000	0.034725	-0.937037	27.280973	27.573055	26.986974	27.180100	27.709999	28.419936	27.417916	29.967177	28.233514	28.213722	28.507401	28.474522
3584472547.501000	0.034814	-0.943147	27.275865	27.523577	26.912597	27.160309	27.700104	28.433343	27.244582	30.039639	28.147645	28.193931	28.510913	28.419936
3584472548.007000	0.028480	-0.948503	27.212980	27.617746	27.003574	27.153605	27.698507	28.393760	26.942284	29.973562	28.182120	28.325767	28.495910	28.451539
3584472548.500000	0.031820	-0.946901	27.246178	27.475694	26.909405	27.165097	27.706807	28.324171	27.189996	30.008356	28.180524	28.208615	28.507401	28.393760
3584472549.002000	0.031050	-0.947471	27.252882	27.480483	26.901105	27.176908	27.701700	28.327683	26.985378	29.877797	28.121150	28.169032	28.552092	28.426640
3584472549.501000	0.034038	-0.942489	27.280973	27.569863	26.911001	27.167012	27.716703	28.408444	26.740859	29.912591	28.159136	28.142537	28.477714	28.396953
3584472550.005000	0.033470	-0.941860	27.249370	27.551668	26.901105	27.107319	27.700104	28.405252	26.453564	29.986969	28.074863	28.182120	28.502613	28.368862
3584472550.497000	0.033705	-0.945293	27.285761	27.492294	26.909405	27.033261	27.772885	28.363754	26.752350	29.920891	28.170628	28.099762	28.499421	28.385461
3584472550.969000	0.053571	-0.918023	27.280973	27.541772	26.983782	27.188400	27.746390	28.381949	26.607107	29.967177	28.192335	28.178928	28.530704	28.423448
3584472551.506000	0.035600	-0.942507	27.260862	27.540176	26.967183	27.153605	27.721491	28.381949	27.026557	29.876201	28.094655	28.132642	28.552092	28.418340
3584472552.005000	0.035408	-0.942429	27.323748	27.468991	26.947392	27.142113	27.668820	28.317787	26.920897	29.750749	28.147645	28.117958	28.522405	28.454731
3584472552.500000	0.030500	-0.946572	27.219683	27.512085	26.907809	27.142113	27.701700	28.309487	26.800233	29.820019	28.112850	28.184035	28.477714	28.428236
3584472553.002000	0.045505	-0.932286	27.246178	27.431004	26.911001	27.109234	27.723406	28.325767	26.623706	29.861517	28.076459	27.876949	28.497506	28.353858
3584472553.500000	0.033989	-0.942740	27.317044	27.576248	26.930792	27.072844	27.681908	28.335663	26.463460	29.841406	28.091463	28.119554	28.453135	28.393760
3584472554.005000	0.032786	-0.945547	27.249370	27.457499	26.952180	27.180100	27.708403	28.372054	26.810129	29.808527	28.051880	28.018681	28.481226	28.400145
3584472554.496000	0.032278	-0.943519	27.244582	27.518469	26.871418	27.109234	27.711595	28.291292	27.026557	29.818423	28.112850	28.060179	28.540600	28.373650
3584472555.005000	0.031603	-0.946468	27.203084	27.512085	26.892806	27.095827	27.667224	28.304380	26.884506	29.839810	28.070075	28.071671	28.454731	28.327683
3584472555.484000	0.040719	-0.937263	27.282569	27.518469	26.955691	27.157117	27.791080	28.281396	26.628814	29.889289	28.071671	28.198719	28.611466	28.423448
3584472556.003000	0.040379	-0.936158	27.305552	27.467395	26.953776	27.114022	27.673609	28.345878	26.874610	29.782032	28.053476	28.026981	28.535492	28.441643
3584472556.479000	0.037943	-0.938043	27.262777	27.459095	26.904297	27.092635	27.668820	28.325767	27.328855	29.785543	28.124342	28.013893	28.548900	28.388653
3584472556.991000	0.051386	-0.914987	27.315448	27.528365	26.945796	27.120726	27.658925	28.251709	26.924089	29.810123	28.096570	28.101358	28.522405	28.405252
3584472557.503000	0.037338	-0.938642	27.260862	27.414405	26.878122	27.091039	27.645837	28.253305	26.592423	29.815230	28.056668	28.064968	28.537089	28.360562
3584472557.970000	0.057592	-0.916139	27.298849	27.554860	26.867907	27.120726	27.762989	28.311083	26.057417	29.793524	28.132642	28.182120	28.525597	28.415148
3584472558.468000	0.051701	-0.923188	27.234686	27.553264	26.891210	27.120726	27.791080	28.231918	26.636794	29.762240	28.098166	28.180524	28.492717	28.461434
3584472558.996000	0.040106	-0.935001	27.279057	27.551668	26.920897	27.059436	27.677120	28.240217	26.172973	29.821615	27.995698	28.012297	28.492717	28.378757
3584472559.502000	0.032966	-0.945045	27.231175	27.498678	26.888017	27.061352	27.675524	28.309487	26.873014	29.785543	28.056668	27.858754	28.416744	28.390249
3584472560.004000	0.032038	-0.943948	27.229579	27.553264	26.838220	27.061352	27.721491	28.228406	26.699680	29.730957	28.017085	27.891633	28.522405	28.317787
3584472560.506000	0.033040	-0.945254	27.246178	27.497082	26.823536	27.021450	27.725002	28.245006	26.219259	29.763837	28.025385	27.934727	28.545388	28.370458
3584472561.006000	0.035095	-0.942768	27.176908	27.460691	26.861522	27.114022	27.695315	28.248198	26.163077	29.707974	28.007190	27.870246	28.454731	28.381949
3584472561.507000	0.032585	-0.945345	27.256074	27.417916	26.823536	27.047945	27.708403	28.184035	26.333220	29.744045	28.015489	28.013893	28.553688	28.314276
3584472562.001000	0.032017	-0.948276	27.226387	27.436112	26.864715	27.077632	27.668820	28.271501	26.689784	29.755856	28.010701	27.901529	28.471330	28.363754
3584472562.498000	0.032923	-0.943870	27.249370	27.485590	26.850031	27.079547	27.734898	28.218511	27.067736	29.732553	27.997294	27.825555	28.434939	28.428236
3584472563.005000	0.032703	-0.946378	27.216491	27.460691	26.902701	27.062948	27.670416	28.231918	27.000062	29.763837	28.061776	27.805764	28.494314	28.343963
3584472563.501000	0.033620	-0.942542	27.208191	27.446007	26.826728	27.039645	27.596039	28.250113	27.056244	29.729361	28.025385	27.810872	28.461434	28.357370
3584472564.006000	0.033579	-0.944269	27.221279	27.457499	26.808533	27.029749	27.649029	28.274693	26.858011	29.704462	28.005593	27.895145	28.486014	28.362158
3584472564.496000	0.034012	-0.941989	27.180100	27.434516	26.806936	26.978675	27.639133	28.160733	26.973887	29.696163	27.939516	27.757882	28.416744	28.353858
3584472564.998000	0.033313	-0.945077	27.285761	27.556456	26.795445	27.069332	27.599550	28.192335	27.275865	29.692971	28.017085	27.777673	28.466223	28.340771
3584472565.505000	0.034147	-0.944552	27.218087	27.412809	26.805340	27.076036	27.650625	28.267989	27.091039	29.630085	27.928024	27.911425	28.474522	28.425044
3584472565.997000	0.033673	-0.943075	27.234686	27.541772	26.806936	27.036453	27.554860	28.187228	27.345135	29.697759	28.045176	27.800976	28.449623	28.325767
3584472566.506000	0.033768	-0.943865	27.249370	27.470587	26.823536	27.047945	27.645837	28.174140	27.066140	29.577414	28.007190	27.799380	28.451539	28.322575
3584472566.999000	0.035645	-0.942364	27.175312	27.477291	26.859926	27.084335	27.640729	28.091463	27.062948	29.694567	27.975906	27.791080	28.486014	28.347474
3584472567.505000	0.033928	-0.941528	27.171801	27.478887	26.851627	26.978675	27.619342	28.185631	27.021450	29.641896	27.995698	27.785973	28.406848	28.391845
3584472568.005000	0.032635	-0.942322	27.231175	27.492294	26.888017	27.005170	27.658925	28.169032	27.000062	29.632000	27.988994	27.776077	28.539004	28.311083
3584472568.505000	0.033340	-0.945217	27.252882	27.388229	26.873014	26.947392	27.609446	28.178928	27.109234	29.638385	27.956115	27.804168	28.459519	28.327683
3584472569.005000	0.032594	-0.944262	27.135410	27.513681	26.757458	26.912597	27.624130	28.167436	26.777249	29.603909	27.969203	27.802572	28.444835	28.340771
3584472569.506000	0.031944	-0.945641	27.185208	27.497082	26.812044	26.957287	27.584547	28.129449	26.866311	29.632000	27.924832	27.870246	28.451539	28.294484
3584472570.005000	0.035255	-0.942112	27.193188	27.497082	26.806936	26.947392	27.637537	28.117958	27.079547	29.623701	27.960903	27.776077	28.494314	28.329279
3584472570.506000	0.032764	-0.943540	27.157117	27.464203	26.805340	26.986974	27.627641	28.127853	26.673185	29.595610	27.944623	27.799380	28.411637	28.305976
3584472570.995000	0.049977	-0.918231	27.211383	27.417916	26.815236	27.043156	27.581355	28.136153	26.996870	29.620189	27.952923	28.111254	28.378757	28.373650
3584472571.496000	0.037634	-0.938420	27.270758	27.417916	26.848115	26.990167	27.643921	28.184035	27.143710	29.547727	27.967607	27.833855	28.463030	28.319383
3584472572.005000	0.033409	-0.946086	27.254478	27.488782	26.831835	26.978675	27.639133	28.081567	26.841731	29.582203	27.956115	27.833855	28.486014	28.358966
3584472572.505000	0.031653	-0.943540	27.222875	27.506978	26.816832	26.970375	27.605935	28.119554	26.878122	29.572307	27.970799	27.721491	28.463030	28.312679
3584472572.998000	0.033169	-0.945289	27.242986	27.454307	26.823536	27.009958	27.640729	28.134557	26.917704	29.531128	27.988994	27.825555	28.454731	28.335663
3584472573.505000	0.032635	-0.946468	27.219683	27.437708	26.858011	26.998466	27.581355	28.126257	27.125514	29.603909	27.896741	27.809275	28.448027	28.330875
3584472574.004000	0.031398	-0.945906	27.269162	27.440900	26.788741	26.973887	27.594443	28.096570	27.105723	29.562411	27.947815	27.779269	28.372054	28.309487
3584472574.493000	0.050466	-0.923782	27.249370	27.467395	26.785549	26.950584	27.629237	28.134557	27.117215	29.588906	27.944623	28.083163	28.415148	28.267989
3584472574.999000	0.036304	-0.938185	27.199892	27.493890	26.843327	26.926004	27.657329	28.187228	27.104127	29.594014	27.919724	27.782781	28.425044	28.261605
3584472575.498000	0.033286	-0.943858	27.247774	27.480483	26.788741	26.929196	27.632430	28.074863	27.176908	29.600398	27.964415	27.782781	28.464626	28.305976
3584472575.968000	0.051743	-0.920405	27.262777	27.492294	26.806936	27.006766	27.683823	28.180524	27.039645	29.546131	27.936324	28.134557	28.413552	28.274693
3584472576.505000	0.037899	-0.936518	27.198296	27.427812	26.765758	26.912597	27.602743	28.043580	26.711172	29.556027	27.822363	27.784377	28.431428	28.248198
3584472577.005000	0.034089	-0.942133	27.147221	27.515277	26.802148	26.914193	27.561564	28.126257	26.519642	29.539428	27.875034	27.734898	28.403656	28.288100
3584472577.505000	0.033143	-0.944847	27.208191	27.490378	26.802148	26.957287	27.653817	28.112850	26.531134	29.536235	27.888441	27.757882	28.393760	28.327683
3584472578.004000	0.032185	-0.945989	27.254478	27.531877	26.729367	26.939092	27.561564	28.131045	26.886102	29.570711	27.878545	27.677120	28.405252	28.243410
3584472578.505000	0.033176	-0.944296	27.175312	27.465799	26.737667	26.911001	27.531877	28.028577	26.841731	29.489949	27.921320	27.729791	28.380353	28.315872
3584472579.000000	0.033113	-0.946125	27.167012	27.475694	26.760650	26.924089	27.653817	28.013893	26.859926	29.420679	27.865138	27.875034	28.347474	28.269905
3584472579.503000	0.033096	-0.943645	27.249370	27.472183	26.734474	26.952180	27.614234	28.010701	26.958883	29.512933	27.943027	27.731706	28.429832	28.276289
3584472580.005000	0.032772	-0.946069	27.195103	27.474098	26.711172	26.902701	27.589655	28.035281	27.034857	29.494737	27.870246	27.729791	28.380353	28.223618
3584472580.498000	0.031855	-0.945350	27.216491	27.424301	26.704468	26.926004	27.673609	28.081567	26.942284	29.521232	27.913021	27.791080	28.370458	28.246602
3584472581.003000	0.031791	-0.945130	27.181696	27.475694	26.825132	26.856415	27.573055	28.013893	26.821940	29.539428	27.885249	27.838963	28.372054	28.246602
3584472581.505000	0.034153	-0.943534	27.191592	27.483994	26.770546	26.897913	27.635941	28.109658	26.914193	29.509740	27.852050	27.776077	28.398549	28.238302
3584472581.997000	0.032335	-0.946513	27.209787	27.450796	26.716279	26.917704	27.558052	27.985802	26.546137	29.436959	27.817256	27.837366	28.363754	28.246602
3584472582.506000	0.032580	-0.945250	27.252882	27.503786	26.754266	26.901105	27.634026	28.068479	26.663289	29.493141	27.845347	27.822363	28.340771	28.236706
3584472583.002000	0.032548	-0.945455	27.195103	27.520066	26.747562	26.904297	27.597954	28.022193	26.567524	29.493141	27.794272	27.766181	28.315872	28.253305
3584472583.505000	0.034996	-0.941753	27.264373	27.470587	26.787145	26.888017	27.573055	28.094655	26.440476	29.483245	27.819171	27.812468	28.368862	28.254901
3584472584.005000	0.031737	-0.944441	27.272673	27.515277	26.800233	26.945796	27.639133	28.056668	26.521238	29.514529	27.842155	27.741602	28.378757	28.216915
3584472584.504000	0.032617	-0.944682	27.274269	27.480483	26.768950	26.888017	27.586143	28.017085	26.820344	29.400888	27.871842	27.733302	28.301188	28.136153
3584472585.005000	0.032916	-0.945625	27.163501	27.478887	26.747562	26.907809	27.614234	28.055072	26.660097	29.501441	27.898337	27.871842	28.345878	28.174140
3584472585.505000	0.034542	-0.943874	27.264373	27.503786	26.777249	26.927600	27.668820	28.126257	26.270334	29.446855	27.880141	27.838963	28.253305	28.236706
3584472586.006000	0.034393	-0.943140	27.242986	27.439304	26.815236	26.884506	27.564756	28.058583	26.384294	29.430575	27.825555	27.876949	28.320979	28.187228
3584472586.506000	0.031884	-0.947498	27.227983	27.530280	26.772461	26.873014	27.589655	28.025385	26.831835	29.446855	27.843751	27.898337	28.349070	28.240217
3584472587.006000	0.032000	-0.947124	27.265969	27.485590	26.721067	26.904297	27.597954	28.061776	26.806936	29.465050	27.858754	27.890037	28.314276	28.213722
3584472587.498000	0.032106	-0.946571	27.244582	27.475694	26.798637	26.901105	27.596039	28.008786	26.706383	29.466646	27.791080	27.934727	28.274693	28.190420
3584472588.005000	0.033315	-0.945322	27.288953	27.480483	26.694572	26.830239	27.617746	27.954519	26.594019	29.418764	27.807360	27.861946	28.269905	28.184035
3584472588.497000	0.031319	-0.944928	27.254478	27.512085	26.802148	26.856415	27.647433	28.022193	26.470163	29.466646	27.792676	27.985802	28.325767	28.144453
3584472589.001000	0.032638	-0.945622	27.191592	27.439304	26.764161	26.940688	27.605935	28.008786	26.466971	29.450366	27.761393	27.924832	28.256497	28.172224
3584472589.505000	0.031651	-0.945696	27.222875	27.594443	26.772461	26.828324	27.588059	27.977502	26.567524	29.344706	27.797464	27.890037	28.228406	28.127853
3584472589.995000	0.032489	-0.944551	27.183292	27.431004	26.770546	26.863118	27.579759	27.966011	26.460268	29.324914	27.746390	28.013893	28.284588	28.159136
3584472590.501000	0.036882	-0.940216	27.218087	27.540176	26.793849	26.894402	27.559968	28.000805	26.775653	29.392588	27.723406	27.982610	28.288100	28.124342
3584472590.998000	0.036732	-0.935896	27.260862	27.477291	26.790337	26.864715	27.622534	28.048688	26.645094	29.384288	27.843751	27.943027	28.320979	28.081567
3584472591.505000	0.033253	-0.945518	27.158713	27.482398	26.734474	26.867907	27.579759	28.007190	26.711172	29.380777	27.746390	28.012297	28.263201	28.112850
3584472592.005000	0.032839	-0.945229	27.262777	27.459095	26.762246	26.856415	27.698507	27.972714	26.653393	29.360986	27.771289	28.081567	28.276289	28.126257
3584472592.505000	0.033430	-0.944169	27.272673	27.490378	26.787145	26.836624	27.625726	27.913021	26.686592	29.470158	27.819171	28.050284	28.241813	28.046772
3584472592.983000	0.030686	-0.947985	27.216491	27.497082	26.754266	26.902701	27.660521	27.901529	26.762246	29.356197	27.837366	28.022193	28.309487	28.083163
3584472593.497000	0.031081	-0.946637	27.221279	27.512085	26.765758	26.826728	27.639133	28.045176	26.767354	29.346302	27.782781	28.043580	28.248198	28.114446
3584472594.004000	0.032202	-0.946944	27.250966	27.510170	26.793849	26.858011	27.637537	27.972714	26.669993	29.342790	27.757882	27.909829	28.258094	28.046772
3584472594.495000	0.031510	-0.946268	27.189996	27.540176	26.806936	26.871418	27.681908	27.911425	26.457075	29.362901	27.842155	28.136153	28.236706	28.152433
3584472595.006000	0.032403	-0.945457	27.244582	27.551668	26.754266	26.909405	27.597954	27.939516	26.653393	29.336406	27.807360	28.066564	28.260009	28.134557
3584472595.499000	0.030500	-0.947124	27.247774	27.485590	26.774057	26.816832	27.662117	27.994102	26.646690	29.334810	27.861946	28.132642	28.251709	28.093059
3584472596.007000	0.031062	-0.946087	27.196699	27.526769	26.767354	26.909405	27.573055	27.980695	26.580931	29.331299	27.814064	28.114446	28.172224	28.096570
3584472596.507000	0.030786	-0.947441	27.234686	27.500274	26.734474	26.787145	27.520066	27.964415	26.521238	29.329702	27.769373	28.079971	28.256497	28.079971
3584472597.005000	0.031595	-0.946497	27.208191	27.487186	26.750754	26.869822	27.635941	27.936324	26.369610	29.332895	27.804168	28.126257	28.225214	28.008786
3584472597.505000	0.028348	-0.947535	27.209787	27.506978	26.711172	26.780441	27.612638	27.922916	26.736070	29.397376	27.830663	28.098166	28.177332	27.997294
3584472597.997000	0.030070	-0.948360	27.226387	27.512085	26.760650	26.886102	27.591251	27.947815	26.075612	29.308315	27.774481	28.142537	28.218511	28.051880
3584472598.506000	0.028922	-0.949204	27.274269	27.518469	26.787145	26.850031	27.678716	27.962818	26.584123	29.290120	27.774481	28.136153	28.195527	28.022193
3584472599.023000	0.032558	-0.943762	27.157117	27.576248	26.747562	26.826728	27.567948	27.984206	26.633602	29.286927	27.886845	27.952923	28.188824	28.078375
3584472599.504000	0.030723	-0.947778	27.282569	27.528365	26.737667	26.808533	27.620938	27.949411	26.296829	29.321403	27.848858	28.126257	28.220107	28.043580
3584472599.999000	0.029842	-0.949302	27.229579	27.558052	26.729367	26.844923	27.576248	27.947815	26.438880	29.305123	27.777673	28.051880	28.215319	28.046772
3584472600.506000	0.031051	-0.946451	27.181696	27.490378	26.780441	26.813640	27.617746	27.941112	26.483251	29.252133	27.772885	28.117958	28.202231	28.007190
3584472601.002000	0.030902	-0.943911	27.242986	27.467395	26.736070	26.808533	27.640729	27.881738	26.524749	29.225638	27.797464	27.962818	28.165840	27.969203
3584472601.500000	0.030554	-0.945827	27.239474	27.591251	26.828324	26.851627	27.645837	27.913021	26.134986	29.293312	27.819171	27.992506	28.216915	28.040388
3584472601.997000	0.028285	-0.947956	27.208191	27.548157	26.777249	26.895998	27.634026	27.928024	25.913769	29.332895	27.837366	28.012297	28.235110	28.012297
3584472602.499000	0.029401	-0.946561	27.216491	27.538261	26.772461	26.757458	27.531877	27.911425	25.758630	29.278628	27.871842	27.984206	28.226810	28.022193
3584472603.007000	0.030273	-0.944910	27.241071	27.518469	26.699680	26.838220	27.538261	27.937920	25.576996	29.293312	27.810872	27.929620	28.174140	27.990910
