3614872479.664000	2.229139	2.229421	2.229750	2.229507	2.229781	2.229895	0.094657	-1.009241	-2.618925	-3.838680	-5.274040	-6.410049	-7.875218	-9.134010
3614872480.163000	2.229157	2.229462	2.229753	2.229480	2.229851	2.229887	0.094195	-1.010080	-2.615253	-3.832726	-5.267218	-6.407380	-7.873386	-9.128560
3614872480.664000	2.229163	2.229424	2.229755	2.229535	2.229806	2.229865	0.094090	-1.013953	-2.618640	-3.836546	-5.268692	-6.405472	-7.876307	-9.132861
3614872481.164000	2.229186	2.229442	2.229724	2.229517	2.229797	2.229881	0.094588	-1.010324	-2.624345	-3.843088	-5.274495	-6.412532	-7.877789	-9.141646
3614872481.664000	2.229167	2.229404	2.229687	2.229510	2.229792	2.229869	0.095840	-1.008744	-2.620109	-3.842120	-5.272752	-6.408721	-7.874380	-9.132402
3614872482.164000	2.229167	2.229364	2.229722	2.229493	2.229789	2.229867	0.095948	-1.006353	-2.622432	-3.841907	-5.275469	-6.410524	-7.874746	-9.137358
3614872482.664000	2.229198	2.229394	2.229727	2.229546	2.229821	2.229874	0.073604	-1.037352	-2.667986	-3.891451	-5.342690	-6.493852	-7.960277	-9.217185
3614872483.164000	2.229182	2.229389	2.229727	2.229483	2.229774	2.229870	0.090616	-1.020049	-2.631092	-3.854169	-5.287630	-6.425850	-7.896031	-9.151114
3614872483.663000	2.229136	2.229439	2.229676	2.229458	2.229758	2.229874	0.092434	-1.013174	-2.619799	-3.839308	-5.272982	-6.409240	-7.879987	-9.132650
3614872484.163000	2.229141	2.229382	2.229728	2.229474	2.229815	2.229887	0.094266	-1.010736	-2.619204	-3.838246	-5.272818	-6.406625	-7.873906	-9.128263
3614872484.664000	2.229163	2.229369	2.229666	2.229547	2.229748	2.229844	0.096664	-1.009712	-2.616607	-3.834090	-5.267484	-6.407762	-7.874081	-9.129735
3614872485.165000	2.229135	2.229415	2.229676	2.229473	2.229792	2.229902	0.094132	-1.003757	-2.621783	-3.839772	-5.268270	-6.402271	-7.866097	-9.129529
3614872485.664000	2.229193	2.229400	2.229724	2.229507	2.229774	2.229904	0.096083	-1.008694	-2.617466	-3.835603	-5.266473	-6.403151	-7.869285	-9.130930
3614872486.163000	2.229116	2.229426	2.229697	2.229525	2.229795	2.229875	0.098540	-1.007693	-2.607356	-3.823885	-5.256222	-6.388855	-7.859720	-9.107671
3614872486.664000	2.229166	2.229405	2.229681	2.229546	2.229776	2.229880	0.099973	-1.005159	-2.608768	-3.824989	-5.258775	-6.392365	-7.861524	-9.119616
3614872487.164000	2.229168	2.229384	2.229647	2.229543	2.229758	2.229865	0.093245	-1.009698	-2.614581	-3.831572	-5.263210	-6.399478	-7.864643	-9.118205
3614872487.664000	2.229184	2.229396	2.229674	2.229533	2.229740	2.229866	0.093346	-1.014568	-2.617364	-3.833335	-5.265947	-6.401625	-7.873642	-9.128615
3614872488.165000	2.229165	2.229478	2.229766	2.229548	2.229831	2.229896	0.074656	-1.034369	-2.669044	-3.891469	-5.331811	-6.472835	-7.941878	-9.229642
3614872488.664000	2.229149	2.229422	2.229713	2.229522	2.229810	2.229871	0.089368	-1.021172	-2.632177	-3.854229	-5.291409	-6.430755	-7.904428	-9.150278
3614872489.164000	2.229158	2.229408	2.229703	2.229602	2.229778	2.229853	0.094788	-1.014354	-2.619109	-3.834415	-5.274173	-6.413678	-7.888430	-9.137573
3614872489.664000	2.229154	2.229431	2.229710	2.229570	2.229790	2.229896	0.096495	-1.012914	-2.614603	-3.828748	-5.262585	-6.397985	-7.875333	-9.126013
3614872490.164000	2.229147	2.229408	2.229696	2.229554	2.229771	2.229897	0.094062	-1.011641	-2.622318	-3.838888	-5.272263	-6.408387	-7.880436	-9.140960
3614872490.664000	2.229105	2.229424	2.229650	2.229565	2.229795	2.229834	0.093821	-1.016365	-2.620593	-3.836713	-5.273347	-6.409434	-7.885140	-9.133276
3614872491.164000	2.229113	2.229382	2.229676	2.229546	2.229797	2.229859	0.096413	-1.012398	-2.617044	-3.831605	-5.272447	-6.408322	-7.883216	-9.137403
3614872491.664000	2.229139	2.229385	2.229699	2.229567	2.229743	2.229858	0.091761	-1.014060	-2.621292	-3.837112	-5.272026	-6.410379	-7.881300	-9.134727
3614872492.164000	2.229104	2.229426	2.229679	2.229647	2.229818	2.229881	0.094749	-1.017715	-2.620049	-3.829860	-5.265848	-6.401044	-7.880336	-9.130887
3614872492.664000	2.229104	2.229430	2.229607	2.229581	2.229791	2.229855	0.097475	-1.010342	-2.615294	-3.827605	-5.261717	-6.395421	-7.870951	-9.121979
3614872493.164000	2.229156	2.229458	2.229728	2.229615	2.229789	2.229877	0.092845	-1.013338	-2.620715	-3.838541	-5.273457	-6.406848	-7.880185	-9.131397
3614872493.663000	2.229130	2.229367	2.229642	2.229626	2.229768	2.229840	0.096417	-1.012629	-2.616147	-3.826682	-5.263451	-6.401486	-7.877179	-9.129102
3614872494.165000	2.229155	2.229441	2.229680	2.229565	2.229778	2.229860	0.093375	-1.007296	-2.615259	-3.832500	-5.265167	-6.401831	-7.873605	-9.129426
3614872494.664000	2.229116	2.229465	2.229681	2.229607	2.229801	2.229850	0.094746	-1.012705	-2.618228	-3.828613	-5.264875	-6.400130	-7.876060	-9.131390
3614872495.163000	2.229089	2.229398	2.229620	2.229623	2.229791	2.229829	0.095654	-1.015052	-2.622393	-3.833357	-5.271422	-6.405862	-7.886300	-9.136738
3614872495.664000	2.229084	2.229432	2.229684	2.229595	2.229806	2.229861	0.098108	-1.011107	-2.619343	-3.829396	-5.269812	-6.405530	-7.883050	-9.135275
3614872496.165000	2.229124	2.229421	2.229621	2.229617	2.229737	2.229860	0.094525	-1.010903	-2.619723	-3.836013	-5.272305	-6.411903	-7.884673	-9.137484
3614872496.663000	2.229044	2.229452	2.229617	2.229637	2.229782	2.229823	0.094901	-1.018368	-2.623094	-3.831662	-5.270209	-6.406065	-7.888182	-9.138820
3614872497.165000	2.229133	2.229357	2.229658	2.229621	2.229806	2.229856	0.097226	-1.009421	-2.619848	-3.831942	-5.267827	-6.402750	-7.878104	-9.132550
3614872497.664000	2.229014	2.229364	2.229609	2.229595	2.229763	2.229813	0.093053	-1.016355	-2.623954	-3.831323	-5.270784	-6.406402	-7.885026	-9.135102
3614872498.163000	2.229017	2.229447	2.229642	2.229666	2.229872	2.229800	0.097849	-1.012427	-2.622581	-3.823746	-5.262420	-6.400833	-7.880716	-9.131433
3614872498.664000	2.229044	2.229432	2.229604	2.229638	2.229837	2.229821	0.096328	-1.014551	-2.626625	-3.830693	-5.268003	-6.403740	-7.888846	-9.139920
3614872499.164000	2.229029	2.229465	2.229626	2.229653	2.229825	2.229872	0.096267	-1.011820	-2.627280	-3.831872	-5.268777	-6.404566	-7.885605	-9.139506
3614872499.663000	2.229075	2.229450	2.229643	2.229622	2.229813	2.229808	0.098908	-1.008022	-2.622589	-3.824285	-5.258902	-6.394019	-7.876048	-9.126396
3614872500.165000	2.229046	2.229426	2.229625	2.229637	2.229781	2.229853	0.099136	-1.005897	-2.618863	-3.828722	-5.267941	-6.401572	-7.878765	-9.128194
3614872500.664000	2.229071	2.229432	2.229643	2.229671	2.229825	2.229816	0.094425	-1.012192	-2.626014	-3.828180	-5.266047	-6.404428	-7.884388	-9.134580
3614872501.164000	2.229038	2.229435	2.229680	2.229671	2.229839	2.229800	0.095216	-1.014751	-2.628112	-3.831366	-5.266953	-6.403699	-7.887100	-9.139060
3614872501.663000	2.229057	2.229403	2.229593	2.229666	2.229823	2.229787	0.097056	-1.010820	-2.628851	-3.831108	-5.265278	-6.402031	-7.883377	-9.135573
3614872502.163000	2.229078	2.229395	2.229639	2.229616	2.229818	2.229827	0.098015	-1.009183	-2.627094	-3.829008	-5.266245	-6.404102	-7.887287	-9.138447
3614872502.664000	2.229061	2.229429	2.229618	2.229660	2.229811	2.229822	0.101604	-1.004236	-2.620714	-3.822946	-5.258698	-6.398823	-7.880507	-9.134117
3614872503.164000	2.229061	2.229417	2.229614	2.229686	2.229800	2.229802	0.097738	-1.007932	-2.623074	-3.829361	-5.265606	-6.403360	-7.888084	-9.140836
3614872503.664000	2.229110	2.229398	2.229611	2.229606	2.229808	2.229815	0.099238	-1.008726	-2.628836	-3.827311	-5.260129	-6.396388	-7.880343	-9.138459
3614872504.164000	2.229040	2.229434	2.229596	2.229610	2.229818	2.229769	0.100386	-1.006990	-2.625872	-3.831795	-5.265870	-6.402620	-7.883911	-9.137556
3614872504.663000	2.229043	2.229377	2.229621	2.229565	2.229861	2.229776	0.101867	-1.006073	-2.624073	-3.825113	-5.261255	-6.398692	-7.882516	-9.137025
3614872505.165000	2.229052	2.229395	2.229578	2.229650	2.229822	2.229842	0.098191	-1.007377	-2.622804	-3.829686	-5.264619	-6.403477	-7.882522	-9.135134
3614872505.664000	2.229013	2.229406	2.229570	2.229642	2.229794	2.229795	0.098194	-1.011444	-2.626563	-3.826666	-5.260746	-6.397221	-7.880350	-9.133207
3614872506.164000	2.229070	2.229425	2.229638	2.229602	2.229795	2.229765	0.097788	-1.008176	-2.628566	-3.828576	-5.261093	-6.396579	-7.877770	-9.133881
3614872506.664000	2.229031	2.229415	2.229605	2.229594	2.229870	2.229836	0.098978	-1.006932	-2.625679	-3.830339	-5.263706	-6.400556	-7.882504	-9.133867
3614872507.163000	2.229035	2.229422	2.229648	2.229627	2.229887	2.229817	0.099496	-1.007735	-2.628218	-3.825276	-5.255503	-6.399321	-7.881120	-9.139855
3614872507.664000	2.229015	2.229384	2.229631	2.229631	2.229870	2.229799	0.097004	-1.012047	-2.631848	-3.832928	-5.264565	-6.403515	-7.890074	-9.145967
3614872508.164000	2.229083	2.229404	2.229625	2.229577	2.229834	2.229796	0.098177	-1.007714	-2.631400	-3.832310	-5.263110	-6.401498	-7.883475	-9.143887
3614872508.664000	2.229052	2.229405	2.229579	2.229589	2.229871	2.229823	0.099386	-1.006370	-2.627192	-3.831181	-5.259262	-6.396101	-7.878050	-9.134429
3614872509.165000	2.229020	2.229441	2.229647	2.229600	2.229785	2.229733	0.098977	-1.006212	-2.625942	-3.830315	-5.267647	-6.403450	-7.884340	-9.137259
3614872509.664000	2.229017	2.229399	2.229579	2.229584	2.229832	2.229812	0.095718	-1.007705	-2.627291	-3.826648	-5.260092	-6.401103	-7.881659	-9.138217
3614872510.164000	2.229018	2.229378	2.229601	2.229593	2.229858	2.229837	0.097997	-1.012126	-2.631707	-3.832744	-5.263979	-6.402350	-7.888259	-9.144393
3614872510.664000	2.229089	2.229427	2.229616	2.229562	2.229818	2.229805	0.099062	-1.006803	-2.631005	-3.831874	-5.263129	-6.401890	-7.884959	-9.142221
3614872511.164000	2.229082	2.229388	2.229580	2.229593	2.229853	2.229802	0.099704	-1.005969	-2.627619	-3.826715	-5.255953	-6.395226	-7.878631	-9.133379
3614872511.664000	2.229078	2.229368	2.229597	2.229627	2.229856	2.229808	0.103124	-1.003908	-2.626431	-3.825054	-5.254135	-6.397216	-7.878494	-9.137403
3614872512.165000	2.229028	2.229385	2.229605	2.229618	2.229807	2.229769	0.096738	-1.006050	-2.625910	-3.831689	-5.266076	-6.404839	-7.887072	-9.139994
3614872512.663000	2.229025	2.229403	2.229635	2.229611	2.229879	2.229837	0.097142	-1.009866	-2.636961	-3.833118	-5.259830	-6.401715	-7.885746	-9.148660
3614872513.164000	2.229046	2.229341	2.229606	2.229618	2.229774	2.229796	0.099395	-1.008618	-2.634646	-3.839708	-5.269275	-6.409028	-7.892851	-9.150925
3614872513.663000	2.229055	2.229379	2.229581	2.229631	2.229824	2.229755	0.099277	-1.007604	-2.633928	-3.833701	-5.264126	-6.405693	-7.889506	-9.147597
3614872514.164000	2.229008	2.229358	2.229607	2.229628	2.229887	2.229799	0.095319	-1.009966	-2.635194	-3.835288	-5.263345	-6.409382	-7.891757	-9.152827
3614872514.664000	2.229031	2.229427	2.229593	2.229579	2.229883	2.229831	0.098153	-1.011377	-2.633007	-3.832656	-5.258791	-6.400749	-7.888577	-9.146577
3614872515.163000	2.229046	2.229422	2.229591	2.229527	2.229882	2.229803	0.098388	-1.008279	-2.634220	-3.831346	-5.254328	-6.396039	-7.880076	-9.142110
3614872515.664000	2.229092	2.229410	2.229628	2.229643	2.229883	2.229840	0.097899	-1.009122	-2.635103	-3.836992	-5.262632	-6.405249	-7.887889	-9.146591
3614872516.164000	2.229031	2.229371	2.229563	2.229544	2.229844	2.229758	0.102613	-1.005063	-2.630505	-3.832896	-5.264021	-6.405287	-7.887615	-9.147302
3614872516.663000	2.229123	2.229379	2.229612	2.229602	2.229794	2.229758	0.097300	-1.010894	-2.636003	-3.835654	-5.261367	-6.404433	-7.891818	-9.150581
3614872517.165000	2.229094	2.229426	2.229638	2.229625	2.229797	2.229697	0.097886	-1.010057	-2.631120	-3.837696	-5.269770	-6.407832	-7.891929	-9.148117
3614872517.664000	2.229054	2.229424	2.229639	2.229614	2.229874	2.229823	0.099452	-1.006988	-2.632143	-3.833261	-5.261209	-6.403217	-7.885843	-9.146110
3614872518.163000	2.229094	2.229406	2.229615	2.229595	2.229892	2.229792	0.097934	-1.009418	-2.634964	-3.834410	-5.262157	-6.405453	-7.889309	-9.151211
3614872518.665000	2.229064	2.229398	2.229586	2.229638	2.229843	2.229833	0.098291	-1.007905	-2.632053	-3.835039	-5.263958	-6.407369	-7.887994	-9.146388
3614872519.164000	2.229048	2.229374	2.229557	2.229575	2.229859	2.229810	0.096452	-1.014392	-2.638615	-3.838650	-5.266917	-6.408967	-7.895546	-9.155258
3614872519.663000	2.229116	2.229355	2.229660	2.229544	2.229869	2.229813	0.095978	-1.013269	-2.643981	-3.844280	-5.265520	-6.411025	-7.896410	-9.158538
3614872520.164000	2.229072	2.229403	2.229591	2.229591	2.229901	2.229761	0.096035	-1.011718	-2.640590	-3.844470	-5.270105	-6.413849	-7.899258	-9.159912
3614872520.663000	2.229119	2.229413	2.229577	2.229536	2.229890	2.229787	0.101195	-1.006518	-2.633987	-3.834087	-5.259579	-6.404936	-7.887362	-9.148017
3614872521.164000	2.229149	2.229410	2.229625	2.229536	2.229940	2.229832	0.097359	-1.010539	-2.637033	-3.836393	-5.258429	-6.403469	-7.891328	-9.153399
3614872521.664000	2.229091	2.229380	2.229595	2.229558	2.229875	2.229770	0.096918	-1.011621	-2.639990	-3.839970	-5.263039	-6.405570	-7.889553	-9.154158
3614872522.163000	2.229157	2.229352	2.229631	2.229544	2.229929	2.229800	0.098725	-1.009682	-2.638551	-3.841472	-5.261971	-6.405678	-7.889904	-9.152722
3614872522.664000	2.229137	2.229366	2.229605	2.229541	2.229886	2.229752	0.097920	-1.009406	-2.638594	-3.840877	-5.265134	-6.410550	-7.894149	-9.157021
3614872523.164000	2.229088	2.229413	2.229593	2.229541	2.229893	2.229790	0.094292	-1.011703	-2.639139	-3.839827	-5.262648	-6.410767	-7.892145	-9.153434
3614872523.664000	2.229119	2.229347	2.229588	2.229535	2.229904	2.229791	0.097575	-1.013005	-2.639172	-3.840239	-5.263454	-6.409303	-7.895210	-9.155928
3614872524.164000	2.229124	2.229413	2.229656	2.229564	2.229825	2.229797	0.097677	-1.009575	-2.641283	-3.841273	-5.263950	-6.407598	-7.891684	-9.155522
3614872524.664000	2.229123	2.229359	2.229637	2.229551	2.229869	2.229833	0.098660	-1.008270	-2.636123	-3.839540	-5.260252	-6.404157	-7.887773	-9.149409
3614872525.163000	2.229131	2.229356	2.229632	2.229478	2.229876	2.229832	0.101913	-1.007963	-2.636581	-3.839267	-5.259277	-6.407660	-7.893427	-9.158545
3614872525.664000	2.229116	2.229351	2.229569	2.229506	2.229869	2.229822	0.098862	-1.010802	-2.639505	-3.842157	-5.261256	-6.408620	-7.898758	-9.161378
3614872526.164000	2.229124	2.229369	2.229643	2.229575	2.229897	2.229810	0.097678	-1.011554	-2.640663	-3.842748	-5.263283	-6.408187	-7.893267	-9.160717
3614872526.664000	2.229092	2.229388	2.229568	2.229541	2.229871	2.229800	0.098881	-1.008885	-2.638626	-3.840852	-5.259468	-6.402951	-7.886648	-9.149967
3614872527.163000	2.229131	2.229316	2.229605	2.229512	2.229853	2.229867	0.100393	-1.007883	-2.635550	-3.838228	-5.254355	-6.398594	-7.881861	-9.143301
3614872527.665000	2.229079	2.229401	2.229650	2.229604	2.229853	2.229726	0.101403	-1.004877	-2.631274	-3.832648	-5.258393	-6.402410	-7.883213	-9.141655
3614872528.165000	2.229050	2.229356	2.229611	2.229579	2.229838	2.229815	0.097592	-1.009799	-2.635377	-3.837112	-5.264559	-6.406489	-7.892484	-9.152011
3614872528.663000	2.229146	2.229356	2.229586	2.229502	2.229928	2.229844	0.099040	-1.010057	-2.641694	-3.843211	-5.259820	-6.406842	-7.891880	-9.158362
3614872529.165000	2.229102	2.229389	2.229635	2.229532	2.229914	2.229811	0.098739	-1.007519	-2.636249	-3.840994	-5.261203	-6.407192	-7.890610	-9.153749
3614872529.664000	2.229091	2.229358	2.229650	2.229569	2.229900	2.229850	0.103045	-1.006604	-2.635159	-3.838659	-5.255720	-6.402174	-7.886617	-9.148606
3614872530.165000	2.229130	2.229406	2.229579	2.229525	2.229913	2.229790	0.095601	-1.009864	-2.638493	-3.839744	-5.260902	-6.407287	-7.890810	-9.154369
3614872530.664000	2.229139	2.229384	2.229584	2.229537	2.229885	2.229816	0.097976	-1.009698	-2.636817	-3.838491	-5.252090	-6.398063	-7.883111	-9.150256
3614872531.164000	2.229166	2.229345	2.229623	2.229533	2.229923	2.229825	0.098072	-1.010494	-2.639347	-3.846544	-5.256776	-6.402509	-7.886414	-9.149631
3614872531.665000	2.229133	2.229332	2.229620	2.229554	2.229846	2.229817	0.095556	-1.012789	-2.642146	-3.845314	-5.268148	-6.412393	-7.894522	-9.156700
3614872532.165000	2.229075	2.229392	2.229625	2.229537	2.229870	2.229797	0.101279	-1.007181	-2.637180	-3.840300	-5.265510	-6.412216	-7.896553	-9.160788
3614872532.664000	2.229172	2.229303	2.229595	2.229535	2.229898	2.229843	0.096260	-1.018118	-2.645940	-3.850999	-5.262796	-6.409653	-7.898121	-9.160087
3614872533.164000	2.229104	2.229357	2.229602	2.229546	2.229942	2.229845	0.095553	-1.013319	-2.646707	-3.850152	-5.264953	-6.411962	-7.896920	-9.165281
3614872533.664000	2.229145	2.229319	2.229647	2.229558	2.229888	2.229837	0.096755	-1.010972	-2.642586	-3.849474	-5.265544	-6.411938	-7.896850	-9.161129
3614872534.164000	2.229187	2.229380	2.229547	2.229549	2.229853	2.229839	0.103329	-1.009258	-2.637226	-3.845883	-5.256098	-6.404216	-7.889919	-9.150642
3614872534.665000	2.229084	2.229367	2.229632	2.229562	2.229916	2.229844	0.093705	-1.011325	-2.641200	-3.844140	-5.265008	-6.414340	-7.897670	-9.161424
3614872535.165000	2.229173	2.229340	2.229666	2.229533	2.229877	2.229771	0.096286	-1.013937	-2.641761	-3.843947	-5.266134	-6.411850	-7.899222	-9.161542
3614872535.664000	2.229240	2.229331	2.229597	2.229522	2.229895	2.229861	0.098865	-1.012550	-2.642891	-3.852443	-5.259383	-6.403677	-7.889693	-9.151579
3614872536.164000	2.229183	2.229367	2.229637	2.229499	2.229930	2.229891	0.099967	-1.008754	-2.637927	-3.845928	-5.258870	-6.404593	-7.890025	-9.152737
3614872536.665000	2.229121	2.229382	2.229625	2.229469	2.229854	2.229822	0.100769	-1.006868	-2.637510	-3.840893	-5.261012	-6.408310	-7.891696	-9.155759
3614872537.164000	2.229210	2.229337	2.229531	2.229554	2.229913	2.229880	0.095931	-1.017230	-2.645348	-3.855661	-5.263655	-6.410102	-7.898525	-9.160254
3614872537.665000	2.229163	2.229357	2.229630	2.229547	2.229917	2.229854	0.093482	-1.015128	-2.649100	-3.854269	-5.267819	-6.415815	-7.900037	-9.169891
3614872538.164000	2.229224	2.229320	2.229649	2.229565	2.229879	2.229881	0.095185	-1.014210	-2.647230	-3.858685	-5.268788	-6.415121	-7.899821	-9.164746
3614872538.664000	2.229249	2.229362	2.229614	2.229530	2.229892	2.229892	0.100686	-1.012189	-2.642835	-3.854313	-5.263808	-6.408247	-7.894490	-9.154427
3614872539.164000	2.229252	2.229384	2.229578	2.229493	2.229904	2.229871	0.094453	-1.014618	-2.645566	-3.855345	-5.263330	-6.410208	-7.899109	-9.159895
3614872539.664000	2.229236	2.229374	2.229626	2.229560	2.229967	2.229861	0.094755	-1.018518	-2.649140	-3.857752	-5.266781	-6.412773	-7.900093	-9.164939
3614872540.165000	2.229213	2.229351	2.229591	2.229535	2.229919	2.229869	0.097924	-1.012541	-2.644279	-3.856635	-5.262787	-6.408792	-7.894679	-9.156353
3614872540.665000	2.229072	2.229351	2.229589	2.229527	2.229881	2.229831	0.091898	-1.013904	-2.646882	-3.853868	-5.266898	-6.414113	-7.898306	-9.162541
3614872541.164000	2.229226	2.229335	2.229525	2.229525	2.229834	2.229821	0.095088	-1.014454	-2.645381	-3.855723	-5.263321	-6.409871	-7.895921	-9.157450
3614872541.664000	2.229231	2.229363	2.229546	2.229509	2.229875	2.229880	0.093377	-1.019196	-2.647507	-3.859187	-5.264612	-6.407698	-7.898862	-9.157745
3614872542.164000	2.229245	2.229319	2.229553	2.229532	2.229877	2.229904	0.096107	-1.015046	-2.648951	-3.860160	-5.267859	-6.411844	-7.900343	-9.164745
3614872542.664000	2.229242	2.229345	2.229623	2.229495	2.229898	2.229922	0.099369	-1.010207	-2.641063	-3.854655	-5.261443	-6.406597	-7.894197	-9.157468
3614872543.164000	2.229233	2.229353	2.229543	2.229552	2.229807	2.229882	0.103741	-1.009315	-2.638454	-3.851174	-5.259079	-6.398992	-7.887127	-9.146193
3614872543.664000	2.229205	2.229367	2.229514	2.229486	2.229870	2.229950	0.094337	-1.016237	-2.646690	-3.858583	-5.264679	-6.406432	-7.896369	-9.154778
3614872544.164000	2.229263	2.229388	2.229573	2.229549	2.229870	2.229935	0.096567	-1.016768	-2.644027	-3.856237	-5.262299	-6.405667	-7.895380	-9.158266
3614872544.664000	2.229240	2.229362	2.229590	2.229527	2.229876	2.229879	0.095307	-1.014805	-2.645968	-3.856867	-5.263015	-6.406148	-7.893095	-9.156697
3614872545.164000	2.229263	2.229426	2.229569	2.229512	2.229893	2.229904	0.097468	-1.013064	-2.642550	-3.855912	-5.264816	-6.405779	-7.892268	-9.149160
3614872545.665000	2.229245	2.229392	2.229583	2.229453	2.229917	2.229867	0.099622	-1.010678	-2.640272	-3.848679	-5.260632	-6.408565	-7.892590	-9.155716
3614872546.164000	2.229264	2.229368	2.229594	2.229537	2.229871	2.229925	0.097206	-1.016369	-2.644173	-3.856329	-5.260773	-6.402384	-7.893823	-9.152939
3614872546.665000	2.229292	2.229298	2.229585	2.229538	2.229893	2.229928	0.092766	-1.017684	-2.651572	-3.861677	-5.267467	-6.409694	-7.896835	-9.161529
3614872547.164000	2.229287	2.229410	2.229586	2.229542	2.229840	2.229921	0.098445	-1.012076	-2.643057	-3.858041	-5.262771	-6.401475	-7.890373	-9.149270
3614872547.664000	2.229287	2.229369	2.229621	2.229584	2.229833	2.229964	0.100745	-1.009910	-2.637945	-3.849291	-5.257671	-6.396956	-7.883822	-9.145091
3614872548.164000	2.229313	2.229410	2.229535	2.229530	2.229874	2.229914	0.097947	-1.012632	-2.641939	-3.854914	-5.262972	-6.401490	-7.892042	-9.150573
3614872548.664000	2.229308	2.229395	2.229549	2.229548	2.229881	2.229946	0.101554	-1.012572	-2.641986	-3.853958	-5.262565	-6.398293	-7.888818	-9.152777
3614872549.164000	2.229229	2.229431	2.229593	2.229537	2.229854	2.229937	0.097329	-1.014261	-2.645343	-3.857507	-5.267782	-6.406146	-7.896375	-9.157742
3614872549.663000	2.229292	2.229374	2.229552	2.229491	2.229879	2.229970	0.099712	-1.012983	-2.643638	-3.858865	-5.271769	-6.408267	-7.898878	-9.157516
3614872550.164000	2.229288	2.229374	2.229520	2.229498	2.229869	2.229892	0.097814	-1.012757	-2.640052	-3.851188	-5.263167	-6.403193	-7.891702	-9.151018
3614872550.665000	2.229293	2.229395	2.229599	2.229523	2.229907	2.229870	0.097302	-1.013766	-2.641163	-3.848798	-5.260466	-6.406628	-7.899602	-9.160810
3614872551.163000	2.229284	2.229460	2.229544	2.229544	2.229867	2.229940	0.102848	-1.010885	-2.644828	-3.859222	-5.270575	-6.403644	-7.893548	-9.156157
3614872551.663000	2.229246	2.229453	2.229481	2.229541	2.229837	2.229942	0.103674	-1.008667	-2.638222	-3.852193	-5.268212	-6.400508	-7.889865	-9.148378
3614872552.165000	2.229279	2.229383	2.229553	2.229533	2.229912	2.229943	0.102173	-1.008740	-2.634122	-3.842310	-5.255774	-6.396226	-7.883761	-9.142654
3614872552.664000	2.229313	2.229406	2.229531	2.229567	2.229834	2.229982	0.101465	-1.009994	-2.638949	-3.851417	-5.262727	-6.398590	-7.889564	-9.148119
3614872553.163000	2.229257	2.229427	2.229491	2.229522	2.229882	2.229965	0.103879	-1.009691	-2.640059	-3.850425	-5.266006	-6.396350	-7.887353	-9.150661
3614872553.665000	2.229261	2.229393	2.229593	2.229532	2.229871	2.229975	0.102040	-1.010742	-2.639944	-3.847566	-5.259487	-6.399755	-7.888608	-9.151120
3614872554.165000	2.229250	2.229403	2.229565	2.229580	2.229858	2.229937	0.103753	-1.007544	-2.636938	-3.850476	-5.260142	-6.399812	-7.888650	-9.147874
3614872554.663000	2.229274	2.229411	2.229506	2.229579	2.229848	2.229934	0.101891	-1.008893	-2.641401	-3.855220	-5.272806	-6.404877	-7.892809	-9.153911
3614872555.165000	2.229276	2.229378	2.229539	2.229520	2.229898	2.229935	0.101564	-1.012528	-2.638991	-3.850301	-5.264337	-6.402105	-7.895376	-9.154888
3614872555.664000	2.229253	2.229413	2.229506	2.229530	2.229823	2.229946	0.102744	-1.009192	-2.642155	-3.852497	-5.268462	-6.399714	-7.888602	-9.152593
3614872556.164000	2.229253	2.229434	2.229536	2.229539	2.229810	2.229943	0.103416	-1.008229	-2.638218	-3.851664	-5.269344	-6.399788	-7.888080	-9.148588
3614872556.664000	2.229306	2.229367	2.229536	2.229537	2.229846	2.229938	0.104038	-1.008614	-2.637925	-3.848194	-5.268340	-6.401321	-7.890821	-9.150976
3614872557.164000	2.229270	2.229409	2.229533	2.229558	2.229797	2.229914	0.099401	-1.009752	-2.641146	-3.852471	-5.272751	-6.406752	-7.897537	-9.159285
3614872557.664000	2.229191	2.229424	2.229499	2.229575	2.229834	2.229937	0.103141	-1.009924	-2.637653	-3.846857	-5.265930	-6.397895	-7.890665	-9.153624
3614872558.164000	2.229274	2.229458	2.229543	2.229538	2.229869	2.229954	0.082326	-1.038490	-2.689756	-3.903969	-5.337151	-6.484464	-7.977455	-9.240730
3614872558.664000	2.229252	2.229473	2.229478	2.229596	2.229853	2.229924	0.098277	-1.017175	-2.655128	-3.872297	-5.298083	-6.430029	-7.920670	-9.173244
3614872559.164000	2.229225	2.229498	2.229523	2.229491	2.229797	2.229903	0.105229	-1.004565	-2.637367	-3.847489	-5.273314	-6.405712	-7.893905	-9.154188
3614872559.664000	2.229247	2.229438	2.229470	2.229485	2.229854	2.229916	0.106246	-1.005110	-2.633215	-3.840078	-5.262284	-6.392416	-7.881947	-9.142093
3614872560.164000	2.229194	2.229427	2.229485	2.229523	2.229792	2.229949	0.105859	-1.002436	-2.634910	-3.841512	-5.263631	-6.390560	-7.876409	-9.143511
3614872560.664000	2.229203	2.229439	2.229514	2.229557	2.229871	2.229932	0.106019	-1.002911	-2.633039	-3.844071	-5.265030	-6.394221	-7.880256	-9.141803
3614872561.164000	2.229210	2.229450	2.229514	2.229531	2.229795	2.229974	0.107003	-1.003553	-2.633591	-3.842353	-5.266435	-6.395106	-7.882591	-9.143235
3614872561.663000	2.229209	2.229430	2.229546	2.229521	2.229855	2.229918	0.103473	-1.003253	-2.634564	-3.843749	-5.269032	-6.397069	-7.882325	-9.144196
3614872562.165000	2.229273	2.229432	2.229514	2.229599	2.229921	2.229940	0.102925	-1.013088	-2.639683	-3.849572	-5.270512	-6.403005	-7.892725	-9.154913
3614872562.665000	2.229293	2.229392	2.229533	2.229531	2.229879	2.229985	0.101489	-1.011637	-2.645058	-3.855430	-5.271455	-6.406815	-7.894961	-9.159707
3614872563.163000	2.229215	2.229488	2.229452	2.229475	2.229839	2.229923	0.105792	-1.002972	-2.636816	-3.848924	-5.276567	-6.400991	-7.886782	-9.149006
3614872563.664000	2.229186	2.229493	2.229485	2.229505	2.229888	2.229930	0.085618	-1.030023	-2.682407	-3.898782	-5.342916	-6.480508	-7.965008	-9.227048
3614872564.164000	2.229218	2.229445	2.229558	2.229538	2.229794	2.229919	0.100009	-1.016138	-2.651677	-3.864295	-5.291917	-6.423216	-7.915731	-9.172046
3614872564.664000	2.229186	2.229442	2.229477	2.229491	2.229799	2.229861	0.104531	-1.004394	-2.643499	-3.853226	-5.281719	-6.408592	-7.894974	-9.159740
3614872565.163000	2.229218	2.229496	2.229515	2.229516	2.229874	2.229886	0.106399	-1.000931	-2.634086	-3.845748	-5.272511	-6.398596	-7.881235	-9.144396
3614872565.665000	2.229210	2.229415	2.229494	2.229547	2.229801	2.229969	0.104177	-1.006583	-2.636938	-3.847189	-5.274866	-6.404725	-7.892174	-9.153114
3614872566.164000	2.229278	2.229468	2.229558	2.229544	2.229865	2.229836	0.102030	-1.005910	-2.638835	-3.849357	-5.274244	-6.406202	-7.891396	-9.155557
3614872566.664000	2.229197	2.229458	2.229507	2.229511	2.229816	2.229895	0.105746	-1.004857	-2.635772	-3.845320	-5.271268	-6.396846	-7.884266	-9.149065
3614872567.163000	2.229216	2.229462	2.229567	2.229506	2.229837	2.229900	0.107440	-0.997196	-2.630502	-3.840194	-5.267278	-6.390065	-7.869868	-9.133844
3614872567.664000	2.229166	2.229507	2.229538	2.229479	2.229876	2.229918	0.105247	-1.000625	-2.632810	-3.843412	-5.274122	-6.399543	-7.878286	-9.143096
3614872568.164000	2.229183	2.229445	2.229533	2.229480	2.229811	2.229913	0.104103	-1.000305	-2.631933	-3.839031	-5.269570	-6.397230	-7.876505	-9.141253
3614872568.663000	2.229174	2.229456	2.229538	2.229514	2.229821	2.229883	0.103822	-1.002878	-2.633319	-3.841292	-5.270839	-6.394867	-7.876293	-9.142891
3614872569.164000	2.229173	2.229526	2.229586	2.229538	2.229853	2.229970	0.104141	-1.006511	-2.641755	-3.850523	-5.277040	-6.404036	-7.886475	-9.158293
3614872569.664000	2.229204	2.229486	2.229473	2.229496	2.229825	2.229902	0.106558	-0.998132	-2.631467	-3.843490	-5.269996	-6.393627	-7.873374	-9.137087
3614872570.164000	2.229157	2.229512	2.229537	2.229502	2.229877	2.229917	0.107704	-0.998602	-2.630801	-3.839835	-5.270955	-6.395566	-7.875678	-9.143934
3614872570.664000	2.229160	2.229452	2.229507	2.229498	2.229839	2.229919	0.101604	-1.004141	-2.636610	-3.845342	-5.273406	-6.403276	-7.883189	-9.148430
3614872571.164000	2.229157	2.229520	2.229514	2.229493	2.229781	2.229967	0.104344	-1.001289	-2.632069	-3.841371	-5.270910	-6.395855	-7.877347	-9.145738
3614872571.664000	2.229177	2.229479	2.229594	2.229494	2.229819	2.229919	0.106276	-0.999547	-2.633541	-3.842029	-5.270535	-6.395281	-7.873704	-9.141379
3614872572.164000	2.229123	2.229489	2.229568	2.229499	2.229806	2.229911	0.106109	-0.999766	-2.632960	-3.843280	-5.273363	-6.399223	-7.879313	-9.145008
3614872572.664000	2.229181	2.229459	2.229569	2.229480	2.229855	2.229880	0.108021	-0.996157	-2.628269	-3.837039	-5.269924	-6.397209	-7.871439	-9.138680
3614872573.164000	2.229193	2.229489	2.229547	2.229488	2.229843	2.229958	0.104869	-1.001326	-2.631518	-3.839504	-5.270005	-6.396609	-7.879145	-9.146736
3614872573.664000	2.229199	2.229485	2.229523	2.229448	2.229822	2.229937	0.104099	-1.003621	-2.638039	-3.846914	-5.274611	-6.400358	-7.882880	-9.153712
3614872574.164000	2.229191	2.229467	2.229543	2.229481	2.229821	2.229869	0.106051	-0.994917	-2.628593	-3.840070	-5.270310	-6.394983	-7.870092	-9.137740
3614872574.664000	2.229221	2.229491	2.229562	2.229480	2.229844	2.229922	0.107333	-0.996497	-2.627749	-3.837722	-5.270881	-6.394085	-7.871975	-9.139994
3614872575.164000	2.229150	2.229490	2.229504	2.229479	2.229819	2.229891	0.101345	-1.001701	-2.635148	-3.844896	-5.275952	-6.402999	-7.878527	-9.146094
3614872575.664000	2.229194	2.229448	2.229532	2.229517	2.229770	2.229845	0.103823	-1.002983	-2.634601	-3.843430	-5.275559	-6.400291	-7.878424	-9.144780
3614872576.164000	2.229208	2.229530	2.229554	2.229501	2.229803	2.229937	0.101380	-1.000063	-2.636340	-3.845444	-5.277983	-6.402551	-7.876831	-9.147580
3614872576.664000	2.229209	2.229514	2.229556	2.229494	2.229848	2.229877	0.103109	-1.001143	-2.634452	-3.845386	-5.274585	-6.398719	-7.875468	-9.142636
3614872577.164000	2.229147	2.229527	2.229551	2.229522	2.229855	2.229911	0.110457	-0.993288	-2.626009	-3.835508	-5.267782	-6.396992	-7.871714	-9.139147
3614872577.664000	2.229207	2.229495	2.229554	2.229512	2.229848	2.229900	0.100511	-1.002670	-2.635337	-3.844282	-5.275214	-6.400432	-7.879137	-9.147550
3614872578.164000	2.229192	2.229527	2.229602	2.229488	2.229853	2.229880	0.103597	-0.999586	-2.635960	-3.845405	-5.276195	-6.400972	-7.876902	-9.149646
3614872578.664000	2.229210	2.229490	2.229557	2.229464	2.229838	2.229858	0.105660	-0.998346	-2.631743	-3.844533	-5.275612	-6.400638	-7.878245	-9.148519
3614872579.164000	2.229141	2.229488	2.229616	2.229541	2.229856	2.229903	0.105261	-0.997744	-2.631040	-3.842411	-5.277420	-6.401176	-7.875354	-9.145183
3614872579.664000	2.229161	2.229468	2.229600	2.229494	2.229770	2.229876	0.100287	-1.002307	-2.635571	-3.845660	-5.278932	-6.409133	-7.882461	-9.152925
3614872580.164000	2.229208	2.229507	2.229547	2.229499	2.229819	2.229853	0.084933	-1.031142	-2.680653	-3.893470	-5.337542	-6.478953	-7.965888	-9.233802
3614872580.664000	2.229203	2.229438	2.229558	2.229515	2.229836	2.229909	0.098571	-1.008666	-2.649764	-3.863370	-5.297031	-6.425944	-7.903488	-9.168854
3614872581.164000	2.229157	2.229515	2.229565	2.229448	2.229876	2.229883	0.103950	-0.995459	-2.627906	-3.839346	-5.272964	-6.399227	-7.872171	-9.137867
3614872581.664000	2.229181	2.229502	2.229614	2.229509	2.229821	2.229879	0.108540	-0.994028	-2.625560	-3.835866	-5.270263	-6.398686	-7.871103	-9.141099
3614872582.164000	2.229178	2.229488	2.229565	2.229463	2.229799	2.229883	0.106135	-0.997945	-2.629058	-3.838710	-5.270716	-6.397059	-7.878363	-9.146481
3614872582.664000	2.229204	2.229463	2.229594	2.229432	2.229829	2.229885	0.104443	-0.997688	-2.633418	-3.843143	-5.275137	-6.400761	-7.873615	-9.146580
3614872583.164000	2.229137	2.229459	2.229586	2.229447	2.229813	2.229853	0.106153	-0.996610	-2.628678	-3.842280	-5.272946	-6.398451	-7.871731	-9.140025
3614872583.664000	2.229174	2.229510	2.229607	2.229480	2.229837	2.229860	0.106428	-0.997142	-2.628860	-3.839386	-5.272622	-6.397247	-7.870227	-9.139104
3614872584.164000	2.229166	2.229477	2.229577	2.229469	2.229881	2.229893	0.105414	-0.998402	-2.629497	-3.837833	-5.268610	-6.397368	-7.872808	-9.140043
3614872584.664000	2.229155	2.229480	2.229531	2.229424	2.229855	2.229869	0.103563	-0.999187	-2.629421	-3.839230	-5.272379	-6.398373	-7.872408	-9.141123
3614872585.164000	2.229163	2.229480	2.229591	2.229464	2.229799	2.229896	0.101782	-1.001058	-2.635795	-3.843858	-5.273833	-6.399834	-7.873702	-9.145402
3614872585.663000	2.229149	2.229501	2.229620	2.229464	2.229872	2.229886	0.103753	-0.995255	-2.625631	-3.837006	-5.269721	-6.395824	-7.865860	-9.131713
3614872586.165000	2.229146	2.229504	2.229543	2.229515	2.229853	2.229934	0.106679	-1.002481	-2.635107	-3.845076	-5.276755	-6.402380	-7.882002	-9.149363
3614872586.664000	2.229126	2.229456	2.229511	2.229498	2.229811	2.229907	0.103003	-1.001019	-2.635101	-3.845972	-5.278250	-6.405754	-7.886548	-9.154331
3614872587.163000	2.229100	2.229456	2.229599	2.229460	2.229859	2.229864	0.103219	-0.999098	-2.634765	-3.845097	-5.278658	-6.403644	-7.877346	-9.149674
3614872587.665000	2.229167	2.229478	2.229543	2.229500	2.229807	2.229890	0.103710	-1.002306	-2.636519	-3.847476	-5.277016	-6.402390	-7.881580	-9.148266
3614872588.164000	2.229192	2.229536	2.229577	2.229491	2.229805	2.229892	0.103717	-0.997298	-2.630400	-3.839971	-5.273398	-6.397317	-7.871778	-9.140073
3614872588.664000	2.229182	2.229499	2.229535	2.229467	2.229816	2.229921	0.099704	-1.003045	-2.636463	-3.845992	-5.277395	-6.406412	-7.882006	-9.149920
3614872589.165000	2.229155	2.229474	2.229551	2.229483	2.229829	2.229922	0.103470	-1.005453	-2.636966	-3.846410	-5.276863	-6.403075	-7.887211	-9.152013
3614872589.664000	2.229181	2.229448	2.229612	2.229450	2.229865	2.229856	0.104184	-0.999267	-2.635764	-3.845273	-5.277319	-6.402378	-7.879187	-9.149840
3614872590.164000	2.229154	2.229481	2.229535	2.229489	2.229797	2.229836	0.099999	-1.001657	-2.635764	-3.847746	-5.281058	-6.405943	-7.882915	-9.152182
3614872590.664000	2.229187	2.229483	2.229558	2.229485	2.229802	2.229895	0.106246	-0.997198	-2.629546	-3.839160	-5.271495	-6.397729	-7.872367	-9.139870
3614872591.164000	2.229155	2.229522	2.229590	2.229432	2.229882	2.229876	0.080793	-1.028514	-2.678851	-3.894862	-5.336387	-6.468559	-7.949426	-9.241158
3614872591.664000	2.229194	2.229475	2.229522	2.229515	2.229885	2.229925	0.096357	-1.012443	-2.651042	-3.863729	-5.297537	-6.427046	-7.909994	-9.176026
3614872592.163000	2.229198	2.229477	2.229577	2.229442	2.229812	2.229846	0.103657	-0.997786	-2.632406	-3.847013	-5.279951	-6.407238	-7.882614	-9.149971
3614872592.664000	2.229178	2.229514	2.229585	2.229521	2.229860	2.229903	0.104742	-0.998415	-2.631323	-3.841259	-5.276544	-6.402110	-7.878346	-9.148007
3614872593.164000	2.229137	2.229472	2.229563	2.229558	2.229851	2.229890	0.100631	-1.003185	-2.636038	-3.845395	-5.277766	-6.407051	-7.883644	-9.152669
3614872593.663000	2.229179	2.229501	2.229560	2.229514	2.229860	2.229886	0.101885	-1.004582	-2.635948	-3.846600	-5.278944	-6.406817	-7.885292	-9.153263
3614872594.164000	2.229147	2.229493	2.229565	2.229443	2.229849	2.229842	0.103467	-1.000237	-2.635768	-3.846455	-5.279850	-6.407523	-7.883223	-9.155025
3614872594.664000	2.229194	2.229533	2.229560	2.229512	2.229792	2.229951	0.103660	-1.001071	-2.635864	-3.846790	-5.276797	-6.400365	-7.877834	-9.144721
3614872595.163000	2.229163	2.229557	2.229554	2.229446	2.229833	2.229858	0.107990	-0.996732	-2.629767	-3.840294	-5.274412	-6.401946	-7.877586	-9.145264
3614872595.664000	2.229162	2.229509	2.229546	2.229509	2.229876	2.229934	0.102690	-1.003534	-2.637013	-3.847849	-5.279983	-6.407588	-7.889141	-9.155607
3614872596.164000	2.229167	2.229499	2.229574	2.229465	2.229807	2.229903	0.102692	-1.004336	-2.639738	-3.848524	-5.279028	-6.404459	-7.883102	-9.152950
3614872596.664000	2.229179	2.229460	2.229549	2.229491	2.229808	2.229858	0.105866	-0.998743	-2.633518	-3.847155	-5.276467	-6.401052	-7.878728	-9.147616
3614872597.163000	2.229183	2.229470	2.229533	2.229445	2.229875	2.229928	0.105431	-0.997772	-2.630178	-3.839574	-5.273295	-6.397777	-7.874475	-9.140790
3614872597.664000	2.229167	2.229532	2.229558	2.229498	2.229839	2.229821	0.102774	-0.998025	-2.628906	-3.839642	-5.271796	-6.400749	-7.874366	-9.143559
3614872598.164000	2.229216	2.229490	2.229563	2.229486	2.229822	2.229867	0.103257	-1.004407	-2.633968	-3.842857	-5.274858	-6.400548	-7.879923	-9.147973
3614872598.664000	2.229170	2.229538	2.229521	2.229514	2.229833	2.229907	0.104041	-1.002764	-2.638252	-3.846353	-5.277220	-6.403756	-7.882051	-9.153077
3614872599.164000	2.229192	2.229500	2.229539	2.229504	2.229882	2.229885	0.103750	-1.000198	-2.634070	-3.847570	-5.276746	-6.402086	-7.879493	-9.145249
3614872599.664000	2.229146	2.229470	2.229521	2.229455	2.229824	2.229892	0.107886	-0.997685	-2.630333	-3.840001	-5.272468	-6.398611	-7.875699	-9.145848
3614872600.164000	2.229204	2.229478	2.229510	2.229526	2.229891	2.229880	0.102419	-1.002029	-2.636408	-3.846146	-5.277221	-6.404828	-7.885680	-9.152234
3614872600.664000	2.229156	2.229447	2.229611	2.229504	2.229853	2.229898	0.103417	-1.002232	-2.636443	-3.845691	-5.276259	-6.401080	-7.882656	-9.153099
3614872601.164000	2.229135	2.229506	2.229569	2.229470	2.229870	2.229867	0.104657	-0.999457	-2.633601	-3.846783	-5.278008	-6.402869	-7.880090	-9.149765
3614872601.664000	2.229157	2.229474	2.229528	2.229467	2.229825	2.229908	0.102891	-1.003766	-2.637846	-3.847946	-5.281597	-6.408885	-7.890038	-9.155581
3614872602.165000	2.229130	2.229485	2.229572	2.229530	2.229880	2.229885	0.104416	-0.998610	-2.631784	-3.842300	-5.274612	-6.404307	-7.881866	-9.148922
3614872602.664000	2.229161	2.229491	2.229567	2.229535	2.229834	2.229938	0.104893	-1.001899	-2.632648	-3.842885	-5.276152	-6.402889	-7.884404	-9.151878
3614872603.164000	2.229236	2.229489	2.229544	2.229510	2.229898	2.229942	0.100235	-1.005030	-2.643474	-3.851466	-5.282327	-6.407746	-7.886595	-9.157407
3614872603.664000	2.229223	2.229477	2.229553	2.229537	2.229831	2.229937	0.100666	-1.004320	-2.639940	-3.852867	-5.282360	-6.408390	-7.888321	-9.154515
3614872604.164000	2.229173	2.229509	2.229596	2.229448	2.229855	2.229888	0.106675	-0.995215	-2.628937	-3.837974	-5.274797	-6.403424	-7.877331	-9.146826
3614872604.664000	2.229158	2.229491	2.229618	2.229543	2.229896	2.229859	0.101892	-1.000881	-2.633243	-3.843340	-5.276217	-6.402875	-7.881463	-9.148985
3614872605.164000	2.229173	2.229484	2.229570	2.229496	2.229851	2.229906	0.101604	-1.006170	-2.636393	-3.845570	-5.275651	-6.400665	-7.877977	-9.147610
3614872605.664000	2.229208	2.229425	2.229543	2.229478	2.229862	2.229895	0.106016	-0.995975	-2.628753	-3.842050	-5.276253	-6.401496	-7.878270	-9.145758
3614872606.164000	2.229182	2.229535	2.229559	2.229507	2.229839	2.229918	0.106450	-0.994774	-2.624357	-3.833368	-5.268191	-6.391349	-7.868208	-9.133360
3614872606.664000	2.229215	2.229495	2.229553	2.229478	2.229853	2.229956	0.108297	-0.996788	-2.625698	-3.833630	-5.263147	-6.391343	-7.866237	-9.129953
3614872607.164000	2.229210	2.229516	2.229573	2.229448	2.229823	2.229838	0.111983	-0.989708	-2.613502	-3.821264	-5.249539	-6.373245	-7.848794	-9.111564
3614872607.665000	2.229176	2.229488	2.229500	2.229517	2.229846	2.229983	0.104261	-1.002492	-2.635083	-3.843335	-5.272640	-6.397933	-7.874440	-9.145027
3614872608.164000	2.229191	2.229527	2.229559	2.229493	2.229854	2.229944	0.105628	-0.999039	-2.633199	-3.844351	-5.274458	-6.399270	-7.877140	-9.142734
3614872608.664000	2.229208	2.229514	2.229579	2.229467	2.229846	2.229880	0.109479	-0.993126	-2.625751	-3.836426	-5.272513	-6.399439	-7.873227	-9.142438
3614872609.164000	2.229182	2.229425	2.229556	2.229512	2.229913	2.229929	0.102464	-1.000298	-2.632394	-3.841987	-5.273529	-6.401501	-7.878733	-9.146311
3614872609.664000	2.229129	2.229483	2.229572	2.229521	2.229849	2.229908	0.103468	-1.003638	-2.636421	-3.845674	-5.277180	-6.402265	-7.881553	-9.153014
3614872610.164000	2.229154	2.229525	2.229585	2.229436	2.229834	2.229855	0.105341	-0.996046	-2.628306	-3.841401	-5.273973	-6.399072	-7.871517	-9.140388
3614872610.664000	2.229212	2.229528	2.229543	2.229436	2.229810	2.229900	0.104905	-0.997523	-2.628281	-3.839114	-5.274076	-6.400191	-7.873747	-9.143597
3614872611.165000	2.229151	2.229457	2.229507	2.229570	2.229812	2.229923	0.106747	-1.003447	-2.635361	-3.846360	-5.277229	-6.407947	-7.887840	-9.154706
3614872611.664000	2.229173	2.229544	2.229526	2.229498	2.229846	2.229843	0.105646	-1.000258	-2.630556	-3.840229	-5.273204	-6.398897	-7.877015	-9.145852
3614872612.164000	2.229202	2.229491	2.229572	2.229510	2.229818	2.229870	0.104215	-0.999772	-2.635711	-3.844346	-5.275997	-6.401911	-7.877036	-9.148383
3614872612.663000	2.229178	2.229514	2.229610	2.229498	2.229805	2.229912	0.104533	-0.997700	-2.630093	-3.842491	-5.274715	-6.399758	-7.873140	-9.140045
3614872613.165000	2.229168	2.229523	2.229539	2.229528	2.229825	2.229882	0.107170	-1.001010	-2.633034	-3.843880	-5.277734	-6.403115	-7.883942	-9.151139
3614872613.664000	2.229171	2.229517	2.229579	2.229450	2.229842	2.229909	0.103140	-0.997320	-2.630883	-3.840990	-5.273729	-6.400369	-7.877536	-9.145521
3614872614.163000	2.229139	2.229502	2.229638	2.229450	2.229856	2.229880	0.102753	-0.997483	-2.628154	-3.838389	-5.272249	-6.398422	-7.871225	-9.146021
3614872614.664000	2.229176	2.229495	2.229572	2.229462	2.229821	2.229946	0.103757	-0.998761	-2.631922	-3.844354	-5.277658	-6.404768	-7.877717	-9.148632
3614872615.165000	2.229195	2.229467	2.229537	2.229548	2.229845	2.229904	0.103110	-1.005535	-2.638404	-3.849535	-5.277874	-6.403940	-7.884421	-9.147765
3614872615.663000	2.229199	2.229495	2.229570	2.229434	2.229824	2.229862	0.102747	-0.995855	-2.628224	-3.838580	-5.272943	-6.402253	-7.872858	-9.142686
3614872616.163000	2.229113	2.229501	2.229581	2.229410	2.229883	2.229864	0.102838	-1.002388	-2.632614	-3.842857	-5.277092	-6.402810	-7.878603	-9.147931
3614872616.664000	2.229163	2.229530	2.229612	2.229424	2.229833	2.229893	0.102489	-1.000406	-2.635725	-3.845078	-5.278277	-6.404773	-7.878355	-9.151953
3614872617.163000	2.229154	2.229539	2.229631	2.229442	2.229845	2.229876	0.090498	-1.015826	-2.648427	-3.861835	-5.294551	-6.422721	-7.889569	-9.159509
3614872617.663000	2.229170	2.229521	2.229600	2.229414	2.229862	2.229856	0.105308	-0.995901	-2.624835	-3.836770	-5.270740	-6.402401	-7.870695	-9.139425
3614872618.164000	2.229163	2.229523	2.229591	2.229413	2.229874	2.229896	0.101733	-0.997574	-2.628066	-3.838204	-5.271147	-6.398947	-7.870335	-9.139394
3614872618.664000	2.229207	2.229484	2.229554	2.229392	2.229827	2.229882	0.103516	-0.997545	-2.624644	-3.834342	-5.266999	-6.393778	-7.862236	-9.133775
3614872619.164000	2.229181	2.229546	2.229556	2.229479	2.229843	2.229839	0.102715	-1.000359	-2.632784	-3.842713	-5.274753	-6.400961	-7.873981	-9.145638
3614872619.664000	2.229197	2.229499	2.229578	2.229495	2.229821	2.229921	0.102818	-1.000610	-2.633834	-3.845783	-5.280837	-6.406080	-7.879345	-9.149228
3614872620.164000	2.229142	2.229496	2.229595	2.229429	2.229827	2.229891	0.104131	-0.996925	-2.628762	-3.839771	-5.275111	-6.405205	-7.874562	-9.143457
3614872620.664000	2.229124	2.229528	2.229593	2.229382	2.229849	2.229882	0.099465	-1.003429	-2.634625	-3.846083	-5.282171	-6.411028	-7.883716	-9.159189
3614872621.164000	2.229176	2.229478	2.229659	2.229463	2.229897	2.229909	0.100435	-1.000322	-2.638346	-3.849989	-5.282804	-6.408127	-7.882399	-9.154474
3614872621.664000	2.229125	2.229478	2.229596	2.229414	2.229808	2.229864	0.101320	-0.998056	-2.628451	-3.844571	-5.277231	-6.406719	-7.875547	-9.141588
3614872622.164000	2.229182	2.229493	2.229637	2.229410	2.229872	2.229871	0.104676	-0.996234	-2.627041	-3.838705	-5.276624	-6.405209	-7.873355	-9.143703
3614872622.664000	2.229129	2.229490	2.229594	2.229435	2.229867	2.229937	0.100289	-0.997496	-2.627999	-3.839375	-5.273004	-6.400677	-7.870743	-9.143571
3614872623.164000	2.229192	2.229480	2.229639	2.229441	2.229853	2.229932	0.097133	-1.002907	-2.630202	-3.841552	-5.275720	-6.406222	-7.869751	-9.142746
3614872623.664000	2.229188	2.229542	2.229590	2.229459	2.229832	2.229895	0.098834	-1.000505	-2.629018	-3.841251	-5.273985	-6.404926	-7.869514	-9.140564
3614872624.164000	2.229174	2.229474	2.229599	2.229438	2.229882	2.229821	0.100134	-0.999893	-2.629151	-3.841876	-5.277980	-6.404046	-7.872185	-9.140811
3614872624.664000	2.229183	2.229488	2.229599	2.229459	2.229845	2.229855	0.098732	-0.999002	-2.627747	-3.841293	-5.278461	-6.412291	-7.875188	-9.147336
3614872625.164000	2.229172	2.229484	2.229620	2.229398	2.229817	2.229880	0.098753	-1.005285	-2.630277	-3.842247	-5.278910	-6.409558	-7.879343	-9.150318
3614872625.664000	2.229136	2.229504	2.229625	2.229458	2.229839	2.229855	0.099497	-1.001445	-2.633218	-3.843393	-5.278238	-6.408026	-7.874826	-9.149092
3614872626.164000	2.229195	2.229538	2.229673	2.229490	2.229828	2.229859	0.098522	-1.000390	-2.627008	-3.844584	-5.277396	-6.408711	-7.873001	-9.142573
3614872626.664000	2.229239	2.229488	2.229630	2.229459	2.229855	2.229883	0.100118	-0.999369	-2.623863	-3.838431	-5.274623	-6.406250	-7.868016	-9.140594
3614872627.164000	2.229112	2.229473	2.229632	2.229443	2.229897	2.229898	0.092561	-1.003638	-2.630177	-3.843071	-5.275760	-6.408429	-7.870256	-9.141445
3614872627.665000	2.229167	2.229489	2.229580	2.229458	2.229855	2.229898	0.097855	-1.003545	-2.629553	-3.841157	-5.274461	-6.403380	-7.870911	-9.141093
3614872628.164000	2.229195	2.229475	2.229599	2.229446	2.229866	2.229890	0.097823	-0.998836	-2.624757	-3.839892	-5.272521	-6.404327	-7.866411	-9.138444
3614872628.664000	2.229113	2.229455	2.229687	2.229470	2.229805	2.229911	0.097876	-1.000342	-2.625261	-3.837848	-5.272129	-6.400908	-7.862862	-9.132232
3614872629.164000	2.229171	2.229457	2.229691	2.229481	2.229822	2.229850	0.097476	-0.998708	-2.616623	-3.830414	-5.265280	-6.401638	-7.859324	-9.125466
3614872629.664000	2.229178	2.229470	2.229707	2.229450	2.229850	2.229871	0.092383	-1.009351	-2.629545	-3.844188	-5.277635	-6.408912	-7.872427	-9.141331
3614872630.164000	2.229221	2.229462	2.229676	2.229401	2.229812	2.229911	0.093128	-1.007327	-2.636157	-3.849754	-5.281740	-6.413927	-7.879790	-9.154941
3614872630.664000	2.229146	2.229429	2.229690	2.229464	2.229816	2.229961	0.095160	-1.002653	-2.623838	-3.844139	-5.276518	-6.411764	-7.871933	-9.137313
3614872631.164000	2.229154	2.229434	2.229630	2.229425	2.229834	2.229838	0.097597	-1.001818	-2.619980	-3.836281	-5.269933	-6.406677	-7.869557	-9.138246
3614872631.664000	2.229166	2.229479	2.229671	2.229453	2.229831	2.229880	0.093318	-1.004154	-2.626444	-3.840526	-5.274173	-6.409700	-7.866883	-9.138402
3614872632.164000	2.229120	2.229390	2.229724	2.229460	2.229844	2.229848	0.096707	-1.004648	-2.617873	-3.833764	-5.269378	-6.405776	-7.867013	-9.132861
3614872632.664000	2.229204	2.229420	2.229748	2.229411	2.229850	2.229864	0.095852	-1.004689	-2.622381	-3.839700	-5.271873	-6.406213	-7.867310	-9.136037
3614872633.164000	2.229155	2.229470	2.229695	2.229463	2.229879	2.229880	0.095281	-1.004947	-2.625409	-3.842924	-5.275862	-6.407876	-7.868002	-9.137639
3614872633.664000	2.229187	2.229447	2.229743	2.229448	2.229806	2.229896	0.096226	-1.004059	-2.617704	-3.834817	-5.269543	-6.409410	-7.868742	-9.130989
3614872634.164000	2.229163	2.229469	2.229744	2.229464	2.229877	2.229895	0.094393	-1.010199	-2.624629	-3.842647	-5.277308	-6.413704	-7.880187	-9.143668
3614872634.665000	2.229176	2.229479	2.229644	2.229460	2.229850	2.229874	0.094190	-1.007625	-2.632887	-3.848778	-5.279816	-6.409739	-7.870755	-9.146917
3614872635.164000	2.229147	2.229419	2.229742	2.229474	2.229813	2.229903	0.096103	-1.004047	-2.618191	-3.839123	-5.272064	-6.408655	-7.868593	-9.128661
3614872635.664000	2.229166	2.229385	2.229711	2.229458	2.229837	2.229867	0.097740	-1.004395	-2.617151	-3.835863	-5.272775	-6.409085	-7.870914	-9.136356
3614872636.164000	2.229130	2.229417	2.229694	2.229434	2.229825	2.229856	0.091502	-1.006360	-2.623716	-3.841992	-5.274485	-6.413050	-7.871942	-9.136979
3614872636.664000	2.229167	2.229434	2.229682	2.229584	2.229810	2.229834	0.096509	-1.010305	-2.619684	-3.838816	-5.273283	-6.412934	-7.878276	-9.139580
3614872637.164000	2.229181	2.229419	2.229724	2.229526	2.229800	2.229888	0.092545	-1.010062	-2.622489	-3.841367	-5.273548	-6.409391	-7.871524	-9.131914
3614872637.664000	2.229247	2.229405	2.229728	2.229495	2.229796	2.229859	0.092099	-1.007396	-2.620394	-3.838705	-5.273244	-6.409002	-7.870089	-9.132146
3614872638.164000	2.229183	2.229447	2.229712	2.229543	2.229786	2.229896	0.098517	-1.004421	-2.612259	-3.830444	-5.267081	-6.407310	-7.869781	-9.128104
3614872638.664000	2.229199	2.229435	2.229731	2.229498	2.229825	2.229880	0.093237	-1.010446	-2.620607	-3.835305	-5.273238	-6.412576	-7.880140	-9.143549
3614872639.164000	2.229144	2.229448	2.229726	2.229510	2.229790	2.229846	0.092328	-1.010655	-2.623745	-3.840648	-5.273341	-6.410189	-7.874021	-9.138868
3614872639.664000	2.229134	2.229442	2.229703	2.229510	2.229795	2.229891	0.095782	-1.008534	-2.616906	-3.838620	-5.270847	-6.406944	-7.872284	-9.129216
3614872640.164000	2.229194	2.229457	2.229678	2.229502	2.229776	2.229843	0.096460	-1.008926	-2.614468	-3.832251	-5.271094	-6.406989	-7.874667	-9.129654
3614872640.664000	2.229158	2.229460	2.229753	2.229510	2.229822	2.229874	0.090291	-1.010726	-2.621814	-3.840647	-5.273946	-6.412753	-7.876807	-9.137990
3614872641.164000	2.229141	2.229405	2.229657	2.229553	2.229774	2.229818	0.090740	-1.019463	-2.623504	-3.841100	-5.276622	-6.412719	-7.882570	-9.137084
3614872641.664000	2.229139	2.229432	2.229703	2.229527	2.229773	2.229897	0.091735	-1.013492	-2.623251	-3.840558	-5.274848	-6.411434	-7.879625	-9.135489
3614872642.164000	2.229146	2.229460	2.229755	2.229542	2.229794	2.229846	0.092049	-1.011064	-2.618422	-3.836450	-5.268306	-6.404226	-7.874708	-9.129009
3614872642.664000	2.229192	2.229424	2.229717	2.229536	2.229827	2.229901	0.096338	-1.007285	-2.612803	-3.829683	-5.266716	-6.405129	-7.872871	-9.128686
3614872643.163000	2.229095	2.229417	2.229685	2.229584	2.229796	2.229846	0.095094	-1.014646	-2.617957	-3.833488	-5.270426	-6.407310	-7.883764	-9.134982
3614872643.664000	2.229107	2.229426	2.229647	2.229579	2.229784	2.229834	0.095580	-1.013124	-2.621031	-3.835926	-5.271888	-6.407015	-7.880434	-9.138254
3614872644.164000	2.229157	2.229455	2.229694	2.229543	2.229750	2.229850	0.098023	-1.009180	-2.615141	-3.835847	-5.269695	-6.406396	-7.878478	-9.133661
3614872644.663000	2.229154	2.229439	2.229652	2.229589	2.229811	2.229829	0.098465	-1.012556	-2.614688	-3.829251	-5.269754	-6.405994	-7.881753	-9.134541
3614872645.164000	2.229121	2.229408	2.229676	2.229584	2.229791	2.229870	0.092989	-1.015387	-2.619237	-3.832545	-5.271609	-6.410078	-7.883564	-9.133463
3614872645.664000	2.229105	2.229421	2.229678	2.229570	2.229780	2.229895	0.094395	-1.017504	-2.621302	-3.837003	-5.275077	-6.410861	-7.889068	-9.141918
3614872646.164000	2.229161	2.229448	2.229731	2.229568	2.229791	2.229883	0.067614	-1.041830	-2.656206	-3.881577	-5.320072	-6.460752	-7.953636	-9.210304
3614872646.663000	2.229114	2.229462	2.229711	2.229591	2.229781	2.229906	0.069157	-1.051903	-2.679920	-3.908630	-5.352486	-6.497108	-7.991518	-9.234351
3614872647.164000	2.229142	2.229474	2.229720	2.229507	2.229789	2.229885	0.081610	-1.047565	-2.669694	-3.880181	-5.326730	-6.480226	-7.971788	-9.221143
3614872647.664000	2.229137	2.229417	2.229696	2.229605	2.229797	2.229825	0.067506	-1.056595	-2.685171	-3.905600	-5.345136	-6.481030	-7.958685	-9.195414
3614872648.164000	2.229149	2.229408	2.229636	2.229556	2.229770	2.229875	0.090529	-1.009662	-2.624070	-3.831157	-5.292127	-6.432854	-7.899985	-9.175166
3614872648.664000	2.229158	2.229452	2.229724	2.229505	2.229781	2.229817	0.095566	-1.013646	-2.613642	-3.841240	-5.291561	-6.433515	-7.902714	-9.150584
3614872649.164000	2.229084	2.229442	2.229691	2.229609	2.229807	2.229840	0.077960	-1.049739	-2.673991	-3.876415	-5.318363	-6.459221	-7.948338	-9.208514
3614872649.663000	2.229121	2.229416	2.229661	2.229584	2.229805	2.229846	0.069072	-1.059007	-2.682700	-3.885242	-5.328347	-6.480163	-7.958529	-9.220208
3614872650.164000	2.229134	2.229457	2.229671	2.229615	2.229790	2.229846	0.078174	-1.052295	-2.670408	-3.875303	-5.317511	-6.473776	-7.968011	-9.211468
3614872650.664000	2.229152	2.229441	2.229671	2.229585	2.229803	2.229881	0.088643	-1.008741	-2.629836	-3.854530	-5.308538	-6.463284	-7.939344	-9.206465
3614872651.164000	2.229178	2.229451	2.229650	2.229681	2.229727	2.229836	0.088132	-1.029701	-2.629365	-3.846529	-5.309979	-6.445371	-7.931359	-9.202232
3614872651.665000	2.229177	2.229417	2.229665	2.229588	2.229810	2.229864	0.082881	-1.036327	-2.646587	-3.862755	-5.304115	-6.442616	-7.925224	-9.170311
3614872652.163000	2.229056	2.229415	2.229653	2.229645	2.229791	2.229817	0.077466	-1.054991	-2.669578	-3.879421	-5.332071	-6.486216	-7.965685	-9.218647
3614872652.664000	2.229115	2.229437	2.229644	2.229636	2.229770	2.229872	0.087033	-1.035467	-2.670716	-3.890195	-5.331245	-6.468815	-7.951383	-9.196193
3614872653.165000	2.229125	2.229443	2.229654	2.229648	2.229838	2.229839	0.075873	-1.045125	-2.664015	-3.882634	-5.335573	-6.486598	-7.981842	-9.233908
3614872653.665000	2.229124	2.229406	2.229641	2.229596	2.229815	2.229880	0.081660	-1.044507	-2.671342	-3.892282	-5.323594	-6.460289	-7.952299	-9.202013
3614872654.164000	2.229188	2.229464	2.229612	2.229599	2.229743	2.229853	0.089483	-1.022303	-2.631008	-3.846727	-5.287273	-6.427356	-7.911965	-9.154445
3614872654.664000	2.229113	2.229404	2.229605	2.229589	2.229745	2.229829	0.073138	-1.055661	-2.673225	-3.885464	-5.321244	-6.444831	-7.929005	-9.198146
3614872655.164000	2.229118	2.229409	2.229615	2.229611	2.229812	2.229861	0.058635	-1.050868	-2.673360	-3.883981	-5.348424	-6.483871	-7.964600	-9.231912
3614872655.665000	2.229134	2.229431	2.229607	2.229712	2.229779	2.229839	0.094386	-1.022864	-2.665170	-3.881870	-5.344311	-6.481265	-7.962025	-9.216241
3614872656.164000	2.229078	2.229390	2.229637	2.229647	2.229837	2.229845	0.076713	-1.043333	-2.653368	-3.865623	-5.321792	-6.469194	-7.973585	-9.233364
3614872656.663000	2.229087	2.229399	2.229623	2.229615	2.229736	2.229890	0.078879	-1.037263	-2.674124	-3.897326	-5.345919	-6.482301	-7.955220	-9.206127
3614872657.164000	2.229054	2.229450	2.229654	2.229692	2.229748	2.229866	0.097984	-1.019334	-2.642112	-3.860934	-5.312469	-6.454403	-7.930692	-9.180760
3614872657.663000	2.229061	2.229396	2.229642	2.229664	2.229794	2.229869	0.073052	-1.042177	-2.681575	-3.902621	-5.343153	-6.471618	-7.964027	-9.230056
3614872658.164000	2.229012	2.229448	2.229666	2.229656	2.229823	2.229848	0.092333	-1.020595	-2.639533	-3.834834	-5.288335	-6.442936	-7.929112	-9.182834
3614872658.664000	2.229078	2.229417	2.229609	2.229656	2.229838	2.229836	0.067582	-1.048302	-2.656340	-3.859232	-5.313799	-6.465186	-7.956148	-9.225165
3614872659.164000	2.229031	2.229437	2.229601	2.229615	2.229832	2.229821	0.071364	-1.047856	-2.661080	-3.867733	-5.323674	-6.483636	-7.990135	-9.235220
3614872659.664000	2.229076	2.229467	2.229562	2.229616	2.229821	2.229853	0.090288	-1.022760	-2.636979	-3.844947	-5.308858	-6.455896	-7.945706	-9.199018
3614872660.164000	2.229045	2.229409	2.229605	2.229682	2.229821	2.229880	0.091697	-1.017523	-2.657797	-3.870759	-5.335474	-6.471558	-7.950487	-9.217619
3614872660.664000	2.229027	2.229415	2.229611	2.229610	2.229892	2.229829	0.100179	-1.009929	-2.651829	-3.873693	-5.310052	-6.449240	-7.954808	-9.212510
3614872661.165000	2.229031	2.229429	2.229649	2.229657	2.229838	2.229874	0.071463	-1.047100	-2.694844	-3.908548	-5.344690	-6.485478	-7.978662	-9.244419
3614872661.663000	2.229024	2.229429	2.229586	2.229639	2.229805	2.229817	0.071108	-1.047354	-2.701042	-3.907160	-5.356750	-6.505141	-8.011154	-9.270256
3614872662.163000	2.229020	2.229475	2.229614	2.229656	2.229810	2.229797	0.074820	-1.031887	-2.667463	-3.892773	-5.344135	-6.478525	-7.967803	-9.230419
3614872662.664000	2.229088	2.229376	2.229631	2.229599	2.229791	2.229906	0.088412	-1.028085	-2.652683	-3.867161	-5.314562	-6.454692	-7.945845	-9.185391
3614872663.164000	2.229011	2.229442	2.229574	2.229654	2.229862	2.229782	0.090020	-1.010850	-2.639936	-3.841100	-5.287150	-6.448596	-7.945178	-9.186510
3614872663.664000	2.229069	2.229398	2.229606	2.229666	2.229861	2.229824	0.082246	-1.038888	-2.663968	-3.876644	-5.330715	-6.485836	-7.971076	-9.233551
3614872664.165000	2.229050	2.229438	2.229680	2.229630	2.229837	2.229802	0.076509	-1.045321	-2.672586	-3.884645	-5.327667	-6.466718	-7.951956	-9.194429
3614872664.664000	2.229012	2.229442	2.229620	2.229602	2.229801	2.229866	0.092222	-1.018344	-2.637572	-3.848919	-5.291545	-6.432198	-7.921151	-9.166643
3614872665.163000	2.229064	2.229417	2.229596	2.229648	2.229819	2.229800	0.106616	-1.001899	-2.616902	-3.820291	-5.263297	-6.404699	-7.890769	-9.141197
3614872665.665000	2.229011	2.229443	2.229605	2.229658	2.229799	2.229849	0.093909	-1.014420	-2.630807	-3.825255	-5.282596	-6.430846	-7.914020	-9.166306
3614872666.164000	2.229069	2.229443	2.229641	2.229712	2.229886	2.229838	0.076085	-1.045687	-2.675352	-3.887045	-5.330845	-6.480756	-7.975372	-9.226956
3614872666.664000	2.229038	2.229431	2.229621	2.229614	2.229869	2.229807	0.093831	-1.019351	-2.645437	-3.853709	-5.297369	-6.438135	-7.928131	-9.176714
3614872667.164000	2.229065	2.229469	2.229637	2.229584	2.229849	2.229801	0.097886	-0.999806	-2.633672	-3.842035	-5.298593	-6.445038	-7.949911	-9.220102
3614872667.664000	2.229100	2.229415	2.229628	2.229647	2.229805	2.229818	0.096088	-1.012258	-2.634397	-3.841681	-5.285101	-6.427773	-7.915340	-9.166601
3614872668.164000	2.229039	2.229427	2.229621	2.229670	2.229827	2.229801	0.099791	-1.010572	-2.626184	-3.831882	-5.272920	-6.410642	-7.898729	-9.150193
3614872668.663000	2.229098	2.229496	2.229628	2.229642	2.229831	2.229824	0.099695	-1.008354	-2.628033	-3.828158	-5.266819	-6.404645	-7.889735	-9.143709
3614872669.164000	2.229050	2.229445	2.229642	2.229600	2.229879	2.229796	0.098257	-1.009349	-2.627006	-3.831045	-5.267510	-6.403958	-7.887761	-9.139253
3614872669.664000	2.229065	2.229438	2.229647	2.229652	2.229893	2.229776	0.104593	-1.003449	-2.621483	-3.827370	-5.266692	-6.403559	-7.884715	-9.138125
3614872670.164000	2.229084	2.229446	2.229657	2.229648	2.229808	2.229742	0.070647	-1.048126	-2.678855	-3.881467	-5.328384	-6.469861	-7.953779	-9.215872
3614872670.664000	2.229107	2.229432	2.229626	2.229649	2.229828	2.229837	0.070950	-1.052519	-2.690481	-3.904668	-5.354576	-6.495386	-7.985191	-9.240459
3614872671.164000	2.229123	2.229465	2.229631	2.229638	2.229807	2.229779	0.084256	-1.028305	-2.669545	-3.882539	-5.320520	-6.463090	-7.956251	-9.227311
3614872671.664000	2.229059	2.229462	2.229620	2.229643	2.229854	2.229792	0.075298	-1.041620	-2.687089	-3.903471	-5.352231	-6.495487	-7.987513	-9.248585
3614872672.164000	2.229097	2.229486	2.229664	2.229674	2.229810	2.229833	0.099780	-1.006586	-2.623221	-3.829540	-5.270013	-6.412891	-7.900375	-9.138422
3614872672.665000	2.229114	2.229429	2.229620	2.229645	2.229786	2.229876	0.077941	-1.034601	-2.669437	-3.887325	-5.345015	-6.487205	-7.968668	-9.216547
3614872673.164000	2.229156	2.229464	2.229697	2.229631	2.229836	2.229836	0.071165	-1.050306	-2.696743	-3.900504	-5.352597	-6.501563	-7.986761	-9.256006
3614872673.664000	2.229069	2.229385	2.229610	2.229594	2.229833	2.229819	0.089381	-1.021424	-2.648593	-3.853300	-5.291918	-6.434061	-7.923962	-9.170193
3614872674.164000	2.229061	2.229479	2.229618	2.229657	2.229871	2.229843	0.095428	-1.013826	-2.638753	-3.842271	-5.282373	-6.420860	-7.904594	-9.158267
3614872674.663000	2.229081	2.229385	2.229663	2.229632	2.229890	2.229864	0.095349	-1.011798	-2.634429	-3.832952	-5.267258	-6.406739	-7.895725	-9.149040
3614872675.164000	2.229073	2.229435	2.229643	2.229649	2.229858	2.229786	0.099209	-1.008220	-2.626634	-3.829121	-5.266643	-6.403223	-7.886827	-9.141726
3614872675.664000	2.229094	2.229396	2.229573	2.229579	2.229890	2.229789	0.099907	-1.006826	-2.628620	-3.830111	-5.263870	-6.402292	-7.885082	-9.141842
3614872676.163000	2.229015	2.229368	2.229580	2.229635	2.229922	2.229846	0.099755	-1.007924	-2.631473	-3.829402	-5.264468	-6.406180	-7.891776	-9.148553
3614872676.664000	2.229028	2.229435	2.229622	2.229645	2.229807	2.229888	0.098577	-1.008852	-2.633218	-3.834832	-5.268988	-6.413209	-7.896331	-9.153499
3614872677.164000	2.228999	2.229424	2.229557	2.229611	2.229850	2.229815	0.099702	-1.011090	-2.633185	-3.834871	-5.267494	-6.408477	-7.896951	-9.153902
3614872677.664000	2.229052	2.229419	2.229628	2.229635	2.229887	2.229823	0.098441	-1.009174	-2.635999	-3.837150	-5.269851	-6.410013	-7.895508	-9.155976
3614872678.164000	2.229072	2.229357	2.229595	2.229560	2.229862	2.229811	0.099226	-1.008022	-2.629376	-3.828840	-5.257513	-6.400044	-7.883706	-9.140487
3614872678.664000	2.229061	2.229347	2.229635	2.229590	2.229901	2.229843	0.103103	-1.003223	-2.627037	-3.827805	-5.259045	-6.401100	-7.884511	-9.144919
3614872679.163000	2.229123	2.229439	2.229630	2.229627	2.229909	2.229805	0.069841	-1.044121	-2.684670	-3.886750	-5.327843	-6.477877	-7.969323	-9.254174
3614872679.664000	2.229069	2.229383	2.229612	2.229609	2.229845	2.229818	0.094139	-1.016857	-2.645848	-3.850816	-5.282379	-6.428729	-7.919808	-9.173499
3614872680.163000	2.229137	2.229404	2.229626	2.229558	2.229903	2.229800	0.099053	-1.007143	-2.635828	-3.839035	-5.262967	-6.408882	-7.895519	-9.157303
3614872680.664000	2.229086	2.229372	2.229622	2.229489	2.229890	2.229805	0.098896	-1.008508	-2.636226	-3.836907	-5.265306	-6.408777	-7.893305	-9.153397
3614872681.164000	2.229142	2.229403	2.229568	2.229547	2.229846	2.229754	0.096373	-1.009418	-2.638176	-3.839206	-5.265702	-6.412745	-7.895357	-9.158957
3614872681.663000	2.229128	2.229332	2.229631	2.229539	2.229934	2.229802	0.097480	-1.013258	-2.638466	-3.839986	-5.258901	-6.405143	-7.891469	-9.151464
3614872682.164000	2.229124	2.229341	2.229645	2.229547	2.229911	2.229842	0.098970	-1.007973	-2.637768	-3.838946	-5.258525	-6.404099	-7.888256	-9.156081
3614872682.664000	2.229134	2.229382	2.229642	2.229532	2.229966	2.229849	0.096498	-1.011302	-2.640560	-3.845194	-5.267739	-6.413535	-7.897940	-9.163400
3614872683.163000	2.229158	2.229374	2.229602	2.229589	2.229892	2.229916	0.098563	-1.014142	-2.643956	-3.850196	-5.266109	-6.413774	-7.899464	-9.160831
3614872683.664000	2.229219	2.229308	2.229563	2.229532	2.229909	2.229855	0.095660	-1.012501	-2.641944	-3.845025	-5.264701	-6.414266	-7.902961	-9.166206
3614872684.164000	2.229141	2.229364	2.229668	2.229572	2.229967	2.229869	0.096089	-1.014869	-2.644777	-3.848654	-5.264227	-6.411695	-7.905727	-9.175836
3614872684.663000	2.229184	2.229419	2.229602	2.229539	2.229896	2.229856	0.099040	-1.012298	-2.642189	-3.845183	-5.268237	-6.420774	-7.909931	-9.171628
3614872685.164000	2.229212	2.229373	2.229647	2.229570	2.229898	2.229909	0.096648	-1.013334	-2.644094	-3.852460	-5.270380	-6.417881	-7.906477	-9.168390
3614872685.664000	2.229167	2.229377	2.229652	2.229559	2.229959	2.229865	0.099353	-1.009380	-2.637650	-3.844204	-5.264379	-6.416593	-7.900773	-9.163816
3614872686.163000	2.229235	2.229414	2.229610	2.229554	2.229896	2.229901	0.098762	-1.016045	-2.642872	-3.851619	-5.262346	-6.407760	-7.897142	-9.156391
3614872686.664000	2.229208	2.229379	2.229627	2.229520	2.229903	2.229872	0.094937	-1.013694	-2.647396	-3.852762	-5.267355	-6.413328	-7.897654	-9.166669
3614872687.164000	2.229205	2.229352	2.229579	2.229547	2.229871	2.229872	0.096188	-1.016419	-2.647920	-3.860609	-5.270767	-6.416297	-7.904253	-9.164829
3614872687.664000	2.229195	2.229408	2.229636	2.229554	2.229840	2.229842	0.098644	-1.013880	-2.644972	-3.856199	-5.271293	-6.417628	-7.905592	-9.168117
3614872688.164000	2.229181	2.229350	2.229604	2.229557	2.229864	2.229880	0.095678	-1.012460	-2.642522	-3.852114	-5.264959	-6.413642	-7.897942	-9.159581
3614872688.664000	2.229218	2.229414	2.229560	2.229504	2.229881	2.229891	0.100280	-1.014932	-2.644254	-3.857058	-5.264711	-6.408059	-7.896438	-9.158121
3614872689.164000	2.229298	2.229357	2.229588	2.229526	2.229831	2.229913	0.101738	-1.010390	-2.640158	-3.852437	-5.259812	-6.401779	-7.889905	-9.151376
3614872689.664000	2.229284	2.229346	2.229607	2.229510	2.229895	2.229912	0.100042	-1.011379	-2.640553	-3.851285	-5.263044	-6.405741	-7.895141	-9.155312
3614872690.164000	2.229282	2.229361	2.229544	2.229537	2.229819	2.229881	0.101448	-1.012182	-2.634381	-3.847066	-5.264667	-6.411158	-7.900852	-9.159164
3614872690.664000	2.229315	2.229384	2.229568	2.229512	2.229872	2.229882	0.102240	-1.013969	-2.640225	-3.851852	-5.260633	-6.400936	-7.894200	-9.152932
3614872691.164000	2.229316	2.229346	2.229578	2.229537	2.229888	2.229909	0.101089	-1.011375	-2.643336	-3.853227	-5.262622	-6.403567	-7.892745	-9.156442
3614872691.664000	2.229276	2.229389	2.229621	2.229547	2.229854	2.229900	0.101898	-1.012281	-2.641599	-3.857258	-5.265429	-6.402675	-7.893785	-9.149194
3614872692.164000	2.229300	2.229403	2.229567	2.229533	2.229887	2.229964	0.102689	-1.011446	-2.642251	-3.855819	-5.270734	-6.411232	-7.901158	-9.163469
3614872692.664000	2.229259	2.229400	2.229589	2.229596	2.229866	2.229914	0.097925	-1.012635	-2.643714	-3.857800	-5.270127	-6.413489	-7.903315	-9.161176
3614872693.164000	2.229264	2.229368	2.229518	2.229483	2.229801	2.229993	0.102211	-1.012644	-2.641737	-3.856866	-5.271987	-6.407836	-7.901936	-9.162585
3614872693.664000	2.229294	2.229422	2.229557	2.229564	2.229827	2.229917	0.103182	-1.010060	-2.640380	-3.853602	-5.267184	-6.406373	-7.899282	-9.159035
3614872694.164000	2.229343	2.229395	2.229517	2.229564	2.229860	2.229924	0.103669	-1.010098	-2.639602	-3.853102	-5.270658	-6.404719	-7.896363	-9.155898
3614872694.664000	2.229296	2.229395	2.229506	2.229609	2.229861	2.229964	0.105522	-1.007665	-2.636293	-3.848967	-5.265160	-6.403365	-7.892660	-9.150681
3614872695.163000	2.229290	2.229372	2.229495	2.229547	2.229834	2.229974	0.105012	-1.012335	-2.639911	-3.851696	-5.266843	-6.397882	-7.901644	-9.164107
3614872695.664000	2.229299	2.229389	2.229552	2.229514	2.229842	2.229932	0.105059	-1.008608	-2.640413	-3.850787	-5.271413	-6.403365	-7.895825	-9.160161
3614872696.164000	2.229239	2.229442	2.229523	2.229578	2.229861	2.229982	0.106341	-1.006403	-2.635093	-3.848718	-5.267205	-6.398910	-7.889750	-9.149741
3614872696.663000	2.229262	2.229457	2.229546	2.229490	2.229862	2.229934	0.108868	-1.002902	-2.633497	-3.843304	-5.268035	-6.395951	-7.883707	-9.144413
3614872697.164000	2.229229	2.229399	2.229535	2.229546	2.229819	2.229948	0.103956	-1.005480	-2.635422	-3.844660	-5.268850	-6.399192	-7.887003	-9.146219
3614872697.664000	2.229267	2.229458	2.229502	2.229594	2.229824	2.229965	0.103733	-1.010446	-2.640632	-3.850868	-5.274997	-6.405161	-7.896178	-9.157454
3614872698.163000	2.229272	2.229481	2.229517	2.229465	2.229867	2.229966	0.105291	-1.004449	-2.639224	-3.851655	-5.277396	-6.406013	-7.891457	-9.153996
3614872698.664000	2.229197	2.229439	2.229493	2.229507	2.229885	2.229929	0.105028	-1.003432	-2.635091	-3.845852	-5.277542	-6.406232	-7.891649	-9.153935
3614872699.164000	2.229251	2.229479	2.229455	2.229495	2.229862	2.229897	0.107519	-1.000189	-2.631176	-3.838645	-5.267296	-6.398085	-7.875611	-9.136983
3614872699.663000	2.229167	2.229502	2.229533	2.229502	2.229885	2.229960	0.104372	-1.005426	-2.636523	-3.846280	-5.277693	-6.405066	-7.892809	-9.157415
3614872700.164000	2.229197	2.229493	2.229516	2.229459	2.229828	2.229917	0.105439	-1.002762	-2.639807	-3.848701	-5.280161	-6.405556	-7.889009	-9.158865
3614872700.664000	2.229189	2.229485	2.229568	2.229509	2.229797	2.229943	0.106300	-1.002097	-2.636520	-3.849565	-5.280468	-6.406754	-7.892141	-9.156886
3614872701.163000	2.229162	2.229517	2.229554	2.229544	2.229855	2.229927	0.109005	-0.996703	-2.627913	-3.839189	-5.272314	-6.395676	-7.877350	-9.142544
3614872701.665000	2.229209	2.229475	2.229530	2.229507	2.229839	2.229938	0.102764	-1.003835	-2.636657	-3.845878	-5.276684	-6.405702	-7.887913	-9.154036
3614872702.164000	2.229161	2.229478	2.229528	2.229499	2.229819	2.229908	0.106452	-1.001523	-2.632964	-3.842142	-5.275798	-6.400782	-7.882258	-9.148513
3614872702.663000	2.229184	2.229510	2.229542	2.229438	2.229842	2.229879	0.105792	-0.995363	-2.629931	-3.843716	-5.277852	-6.405031	-7.879423	-9.148152
3614872703.164000	2.229161	2.229504	2.229568	2.229462	2.229794	2.229866	0.104667	-0.998126	-2.630465	-3.840907	-5.277725	-6.403206	-7.876716	-9.144692
3614872703.664000	2.229151	2.229499	2.229588	2.229457	2.229898	2.229888	0.107728	-0.998111	-2.629700	-3.831112	-5.277482	-6.413458	-7.889878	-9.163899
3614872704.164000	2.229105	2.229500	2.229610	2.229443	2.229867	2.229895	0.102354	-1.004089	-2.636154	-3.848132	-5.283566	-6.410844	-7.887972	-9.158129
3614872704.664000	2.229176	2.229510	2.229617	2.229439	2.229895	2.229913	0.102330	-1.001116	-2.637334	-3.847077	-5.282323	-6.410190	-7.885970	-9.161312
3614872705.163000	2.229173	2.229481	2.229568	2.229405	2.229858	2.229890	0.101907	-0.999702	-2.632965	-3.848464	-5.283846	-6.412172	-7.884578	-9.153422
3614872705.664000	2.229154	2.229488	2.229621	2.229353	2.229842	2.229849	0.102592	-0.997373	-2.626137	-3.837267	-5.274558	-6.402955	-7.871853	-9.143240
3614872706.164000	2.229198	2.229500	2.229649	2.229438	2.229870	2.229911	0.098716	-1.001863	-2.633474	-3.846212	-5.282032	-6.413238	-7.882915	-9.153090
3614872706.663000	2.229210	2.229462	2.229635	2.229414	2.229842	2.229859	0.101497	-0.996984	-2.619036	-3.833210	-5.267961	-6.401292	-7.863100	-9.132395
3614872707.164000	2.229155	2.229495	2.229648	2.229481	2.229875	2.229901	0.100294	-0.999983	-2.625639	-3.840131	-5.273792	-6.405079	-7.869751	-9.142349
3614872707.664000	2.229168	2.229411	2.229620	2.229464	2.229855	2.229879	0.100068	-1.000543	-2.628842	-3.842982	-5.276932	-6.404253	-7.870909	-9.139662
