3614623214.343000	2.227547	2.227824	2.227946	2.227895	2.228224	2.228290	0.095910	-1.012032	-2.680558	-3.907683	-5.322721	-6.477535	-7.981912	-9.297926
3614623214.842000	2.227515	2.227782	2.227931	2.227854	2.228194	2.228283	0.096043	-1.009173	-2.677012	-3.903462	-5.320068	-6.474803	-7.977852	-9.298376
3614623215.343000	2.227580	2.227861	2.227951	2.227874	2.228135	2.228272	0.093266	-1.015990	-2.682973	-3.912181	-5.328154	-6.486851	-7.989558	-9.308220
3614623215.842000	2.227540	2.227764	2.227983	2.227833	2.228206	2.228257	0.092874	-1.011723	-2.678821	-3.908388	-5.326978	-6.485578	-7.983391	-9.300598
3614623216.342000	2.227489	2.227828	2.227957	2.227916	2.228223	2.228257	0.091264	-1.011945	-2.677964	-3.907166	-5.324789	-6.487411	-7.981184	-9.298123
3614623216.842000	2.227563	2.227801	2.227975	2.227880	2.228157	2.228213	0.089943	-1.015222	-2.678056	-3.906635	-5.324562	-6.484768	-7.981349	-9.298541
3614623217.342000	2.227531	2.227775	2.228028	2.227866	2.228199	2.228267	0.091870	-1.015531	-2.682645	-3.910021	-5.326416	-6.482689	-7.980126	-9.301565
3614623217.841000	2.227517	2.227891	2.227917	2.227813	2.228166	2.228214	0.092465	-1.009216	-2.674582	-3.907033	-5.324084	-6.486300	-7.977374	-9.294312
3614623218.342000	2.227536	2.227838	2.227998	2.227941	2.228257	2.228216	0.092610	-1.010353	-2.674727	-3.905444	-5.322539	-6.480852	-7.972621	-9.291471
3614623218.843000	2.227551	2.227802	2.227930	2.227890	2.228197	2.228236	0.090401	-1.015123	-2.677229	-3.904107	-5.319814	-6.478650	-7.975858	-9.291136
3614623219.342000	2.227518	2.227818	2.227922	2.227843	2.228204	2.228289	0.089946	-1.012316	-2.675494	-3.904063	-5.320676	-6.481791	-7.976768	-9.299319
3614623219.842000	2.227592	2.227830	2.227965	2.227843	2.228209	2.228250	0.090274	-1.013570	-2.679373	-3.909256	-5.324040	-6.482344	-7.977613	-9.298263
3614623220.342000	2.227539	2.227828	2.227987	2.227872	2.228204	2.228283	0.089844	-1.011131	-2.674023	-3.905041	-5.323798	-6.482883	-7.973155	-9.290803
3614623220.842000	2.227563	2.227788	2.227989	2.227885	2.228214	2.228258	0.089340	-1.010793	-2.672529	-3.904495	-5.325095	-6.494262	-7.976253	-9.294764
3614623221.342000	2.227574	2.227865	2.227971	2.227892	2.228184	2.228281	0.091349	-1.014711	-2.672913	-3.901366	-5.317422	-6.478017	-7.973497	-9.289268
3614623221.842000	2.227539	2.227828	2.227963	2.227919	2.228202	2.228292	0.089454	-1.012091	-2.674138	-3.902827	-5.319873	-6.481450	-7.972142	-9.295305
3614623222.342000	2.227563	2.227855	2.227987	2.227796	2.228174	2.228256	0.089054	-1.013798	-2.674185	-3.906032	-5.322049	-6.483086	-7.974964	-9.294709
3614623222.842000	2.227533	2.227782	2.227963	2.227902	2.228197	2.228253	0.090930	-1.011412	-2.673806	-3.903895	-5.321238	-6.479120	-7.968423	-9.287288
3614623223.343000	2.227533	2.227827	2.228003	2.227823	2.228214	2.228273	0.088505	-1.014258	-2.676821	-3.907568	-5.323617	-6.483098	-7.976430	-9.292929
3614623223.842000	2.227565	2.227844	2.228020	2.227858	2.228245	2.228230	0.087934	-1.014232	-2.673487	-3.903124	-5.321765	-6.482799	-7.973788	-9.293468
3614623224.343000	2.227592	2.227858	2.228014	2.227871	2.228213	2.228244	0.088769	-1.016418	-2.682930	-3.913162	-5.330023	-6.488504	-7.985751	-9.308749
3614623224.842000	2.227554	2.227801	2.227973	2.227874	2.228194	2.228272	0.088943	-1.011095	-2.673823	-3.906605	-5.327219	-6.491766	-7.982747	-9.302089
3614623225.342000	2.227547	2.227795	2.227947	2.227898	2.228223	2.228240	0.087685	-1.012863	-2.671991	-3.903711	-5.324303	-6.492854	-7.978094	-9.297424
3614623225.842000	2.227537	2.227828	2.227982	2.227869	2.228188	2.228198	0.086847	-1.018221	-2.676330	-3.907720	-5.326889	-6.491780	-7.987705	-9.307466
3614623226.342000	2.227545	2.227865	2.227972	2.227892	2.228179	2.228314	0.085462	-1.015849	-2.676481	-3.908642	-5.324598	-6.492339	-7.977514	-9.297754
3614623226.842000	2.227594	2.227832	2.227925	2.227825	2.228192	2.228295	0.086235	-1.014947	-2.673924	-3.910341	-5.323907	-6.486673	-7.973104	-9.294575
3614623227.343000	2.227509	2.227844	2.227949	2.227839	2.228190	2.228272	0.090944	-1.015643	-2.678771	-3.909562	-5.327245	-6.480282	-7.979866	-9.300482
3614623227.843000	2.227497	2.227785	2.227924	2.227859	2.228157	2.228295	0.089819	-1.013933	-2.677969	-3.907069	-5.323778	-6.481851	-7.977586	-9.293886
3614623228.343000	2.227547	2.227855	2.227920	2.227864	2.228216	2.228237	0.090923	-1.013640	-2.674902	-3.903719	-5.321125	-6.478699	-7.976744	-9.293626
3614623228.843000	2.227559	2.227837	2.227992	2.227890	2.228203	2.228262	0.088567	-1.013949	-2.676431	-3.905256	-5.320508	-6.478706	-7.974271	-9.296128
3614623229.343000	2.227530	2.227808	2.227986	2.227862	2.228210	2.228267	0.091367	-1.015888	-2.678684	-3.908908	-5.319699	-6.472708	-7.977539	-9.296579
3614623229.842000	2.227518	2.227843	2.227965	2.227886	2.228194	2.228282	0.089447	-1.007154	-2.665449	-3.900301	-5.318369	-6.486933	-7.969755	-9.287957
3614623230.342000	2.227578	2.227819	2.227991	2.227871	2.228172	2.228244	0.088630	-1.013327	-2.668905	-3.900364	-5.316974	-6.480382	-7.970698	-9.286615
3614623230.842000	2.227579	2.227830	2.227984	2.227851	2.228198	2.228220	0.085321	-1.015592	-2.675339	-3.906739	-5.325061	-6.488820	-7.975264	-9.299494
3614623231.342000	2.227552	2.227792	2.227978	2.227834	2.228211	2.228262	0.088841	-1.011354	-2.669593	-3.903733	-5.319441	-6.484848	-7.968394	-9.287776
3614623231.842000	2.227522	2.227834	2.227965	2.227870	2.228218	2.228261	0.087167	-1.011354	-2.666789	-3.900266	-5.319534	-6.484138	-7.965305	-9.284350
3614623232.342000	2.227543	2.227800	2.227982	2.227856	2.228169	2.228264	0.083187	-1.015595	-2.666917	-3.900461	-5.319315	-6.490057	-7.970687	-9.288795
3614623232.842000	2.227521	2.227819	2.227996	2.227879	2.228231	2.228214	0.084897	-1.018248	-2.671235	-3.902689	-5.318644	-6.484934	-7.972819	-9.292625
3614623233.342000	2.227520	2.227841	2.227951	2.227854	2.228185	2.228264	0.084163	-1.016318	-2.673095	-3.907076	-5.323006	-6.489590	-7.974226	-9.297121
3614623233.842000	2.227584	2.227817	2.227959	2.227860	2.228136	2.228206	0.085279	-1.015502	-2.671818	-3.907239	-5.323841	-6.485900	-7.969793	-9.287727
3614623234.342000	2.227558	2.227801	2.227996	2.227893	2.228174	2.228260	0.085764	-1.014066	-2.667853	-3.903798	-5.323792	-6.497606	-7.974910	-9.292454
3614623234.842000	2.227523	2.227816	2.227982	2.227885	2.228210	2.228252	0.084558	-1.016512	-2.666438	-3.901766	-5.319688	-6.492162	-7.975952	-9.293635
3614623235.343000	2.227539	2.227774	2.228018	2.227882	2.228197	2.228277	0.084856	-1.016803	-2.673671	-3.903033	-5.318096	-6.478659	-7.971619	-9.295272
3614623235.843000	2.227554	2.227797	2.228005	2.227866	2.228237	2.228236	0.085150	-1.017418	-2.675637	-3.909847	-5.324596	-6.485670	-7.977836	-9.300761
3614623236.342000	2.227547	2.227800	2.227983	2.227903	2.228219	2.228298	0.083851	-1.015624	-2.672048	-3.907912	-5.327724	-6.495326	-7.976720	-9.296424
3614623236.842000	2.227566	2.227802	2.227967	2.227892	2.228199	2.228239	0.082489	-1.015890	-2.667861	-3.900671	-5.316711	-6.485042	-7.965190	-9.281321
3614623237.342000	2.227555	2.227808	2.228001	2.227858	2.228176	2.228253	0.082255	-1.018971	-2.666475	-3.900721	-5.318481	-6.487709	-7.968634	-9.287481
3614623237.842000	2.227535	2.227811	2.227968	2.227853	2.228185	2.228255	0.079979	-1.019736	-2.670204	-3.908077	-5.323928	-6.498916	-7.975657	-9.293970
3614623238.343000	2.227553	2.227809	2.227970	2.227846	2.228184	2.228287	0.084480	-1.016624	-2.672182	-3.909589	-5.324039	-6.490212	-7.973064	-9.292020
3614623238.834000	2.227520	2.227793	2.227954	2.227918	2.228234	2.228226	0.078771	-1.043172	-2.691559	-3.897048	-5.308504	-6.514869	-8.025893	-9.315199
3614623239.343000	2.227549	2.227824	2.227996	2.227838	2.228167	2.228190	0.090627	-1.007667	-2.674048	-3.911951	-5.314712	-6.471517	-7.966045	-9.285488
3614623239.842000	2.227542	2.227840	2.228036	2.227861	2.228252	2.228256	0.084355	-1.014150	-2.672387	-3.908767	-5.323816	-6.491402	-7.975839	-9.300608
3614623240.343000	2.227516	2.227839	2.227988	2.227872	2.228230	2.228246	0.083970	-1.013745	-2.668567	-3.905801	-5.318357	-6.482936	-7.967246	-9.288190
3614623240.842000	2.227523	2.227817	2.227997	2.227885	2.228193	2.228276	0.083748	-1.013237	-2.661346	-3.898751	-5.318769	-6.488844	-7.964631	-9.279572
3614623241.342000	2.227540	2.227766	2.228034	2.227866	2.228200	2.228214	0.079267	-1.017203	-2.663625	-3.901873	-5.319702	-6.495210	-7.969740	-9.282219
3614623241.843000	2.227528	2.227757	2.227957	2.227856	2.228185	2.228216	0.087022	-1.018334	-2.674140	-3.905557	-5.319687	-6.482402	-7.978164	-9.297700
3614623242.343000	2.227532	2.227746	2.227971	2.227835	2.228193	2.228230	0.086075	-1.015069	-2.670732	-3.901093	-5.315228	-6.478412	-7.969183	-9.292960
3614623242.843000	2.227518	2.227782	2.227959	2.227877	2.228178	2.228248	0.083972	-1.014591	-2.665773	-3.901767	-5.315074	-6.480951	-7.965835	-9.285526
3614623243.342000	2.227580	2.227841	2.227992	2.227811	2.228204	2.228264	0.086584	-1.011501	-2.655583	-3.893808	-5.309799	-6.485740	-7.962429	-9.275640
3614623243.842000	2.227545	2.227791	2.227963	2.227860	2.228200	2.228209	0.080381	-1.021119	-2.662340	-3.903583	-5.320132	-6.497038	-7.978007	-9.288324
3614623244.342000	2.227501	2.227759	2.227991	2.227874	2.228200	2.228257	0.078521	-1.023092	-2.666350	-3.906002	-5.322218	-6.499699	-7.977771	-9.290688
3614623244.842000	2.227559	2.227813	2.227993	2.227865	2.228168	2.228255	0.081638	-1.018584	-2.667795	-3.909943	-5.324308	-6.497256	-7.977557	-9.292912
3614623245.342000	2.227548	2.227792	2.228001	2.227835	2.228211	2.228226	0.082696	-1.015748	-2.659248	-3.899663	-5.316836	-6.488882	-7.968479	-9.282396
3614623245.843000	2.227560	2.227825	2.228002	2.227802	2.228146	2.228206	0.082812	-1.016995	-2.668409	-3.904254	-5.320593	-6.489081	-7.973681	-9.291200
3614623246.343000	2.227558	2.227771	2.227962	2.227838	2.228148	2.228307	0.081337	-1.021613	-2.670990	-3.906526	-5.322271	-6.491042	-7.979329	-9.297338
3614623246.843000	2.227549	2.227806	2.227992	2.227865	2.228179	2.228257	0.080071	-1.020012	-2.668129	-3.905275	-5.319643	-6.490855	-7.973543	-9.290934
3614623247.342000	2.227521	2.227817	2.228015	2.227885	2.228163	2.228240	0.079120	-1.021031	-2.662653	-3.904330	-5.320904	-6.495342	-7.973592	-9.282157
3614623247.842000	2.227485	2.227761	2.228025	2.227867	2.228164	2.228250	0.083601	-1.016724	-2.655720	-3.897725	-5.316116	-6.495875	-7.971553	-9.277955
3614623248.343000	2.227528	2.227800	2.228001	2.227897	2.228203	2.228224	0.084289	-1.015080	-2.657861	-3.897350	-5.313956	-6.488662	-7.972023	-9.283751
3614623248.842000	2.227516	2.227744	2.228005	2.227833	2.228174	2.228245	0.079587	-1.021308	-2.661904	-3.901382	-5.316085	-6.491595	-7.973389	-9.287593
3614623249.342000	2.227551	2.227791	2.228024	2.227912	2.228178	2.228209	0.079159	-1.022262	-2.662781	-3.905603	-5.319031	-6.492841	-7.972491	-9.284426
3614623249.842000	2.227481	2.227751	2.227966	2.227896	2.228105	2.228220	0.080378	-1.023600	-2.657023	-3.900139	-5.319609	-6.497924	-7.978095	-9.279917
3614623250.342000	2.227516	2.227807	2.227978	2.227858	2.228130	2.228235	0.076598	-1.025180	-2.659942	-3.902960	-5.316824	-6.496376	-7.976117	-9.275362
3614623250.842000	2.227526	2.227759	2.228005	2.227845	2.228195	2.228284	0.079825	-1.023625	-2.658891	-3.899059	-5.311434	-6.484381	-7.966299	-9.271470
3614623251.342000	2.227563	2.227797	2.228078	2.227909	2.228205	2.228197	0.079815	-1.024734	-2.657345	-3.899175	-5.311944	-6.489465	-7.968706	-9.271359
3614623251.843000	2.227521	2.227802	2.227997	2.227829	2.228182	2.228257	0.080089	-1.021426	-2.660941	-3.903338	-5.313591	-6.483068	-7.965610	-9.274564
3614623252.343000	2.227569	2.227791	2.228004	2.227859	2.228190	2.228210	0.083140	-1.016508	-2.658122	-3.898753	-5.312918	-6.484494	-7.966616	-9.279284
3614623252.843000	2.227548	2.227770	2.228028	2.227859	2.228223	2.228229	0.080892	-1.019011	-2.657218	-3.899375	-5.314507	-6.489616	-7.973463	-9.281178
3614623253.343000	2.227521	2.227803	2.227991	2.227867	2.228173	2.228260	0.077336	-1.024162	-2.663456	-3.901415	-5.314276	-6.488478	-7.973931	-9.287568
3614623253.842000	2.227539	2.227751	2.227997	2.227854	2.228192	2.228279	0.077215	-1.029564	-2.660678	-3.905388	-5.321662	-6.501783	-7.985955	-9.284998
3614623254.342000	2.227528	2.227746	2.227980	2.227823	2.228168	2.228226	0.079346	-1.023727	-2.658678	-3.901988	-5.317515	-6.489372	-7.971961	-9.274288
3614623254.842000	2.227558	2.227792	2.227992	2.227879	2.228192	2.228236	0.076915	-1.026892	-2.656760	-3.899071	-5.314076	-6.494296	-7.974085	-9.270438
3614623255.342000	2.227555	2.227775	2.228015	2.227951	2.228164	2.228229	0.076723	-1.030305	-2.659488	-3.901948	-5.317778	-6.493849	-7.983541	-9.282149
3614623255.842000	2.227579	2.227782	2.227982	2.227866	2.228169	2.228227	0.078089	-1.032325	-2.661469	-3.903288	-5.319322	-6.496992	-7.983873	-9.282313
3614623256.342000	2.227488	2.227767	2.228003	2.227888	2.228162	2.228220	0.078368	-1.026400	-2.661055	-3.905701	-5.316561	-6.488075	-7.977123	-9.277626
3614623256.842000	2.227516	2.227776	2.227987	2.227891	2.228193	2.228210	0.084802	-1.020705	-2.649052	-3.892040	-5.307126	-6.483946	-7.967714	-9.263467
3614623257.343000	2.227517	2.227809	2.228015	2.227838	2.228190	2.228227	0.079036	-1.021627	-2.655818	-3.897224	-5.308003	-6.478977	-7.965910	-9.268670
3614623257.842000	2.227560	2.227800	2.227993	2.227872	2.228127	2.228234	0.078362	-1.030546	-2.659174	-3.901499	-5.317170	-6.494293	-7.980867	-9.283715
3614623258.343000	2.227587	2.227783	2.228023	2.227823	2.228150	2.228219	0.078741	-1.025635	-2.662136	-3.905461	-5.316205	-6.489460	-7.977358	-9.282963
3614623258.842000	2.227548	2.227814	2.227980	2.227920	2.228168	2.228258	0.077713	-1.030403	-2.659514	-3.904202	-5.323409	-6.499971	-7.988495	-9.286000
3614623259.343000	2.227551	2.227850	2.228003	2.227881	2.228192	2.228251	0.078886	-1.026699	-2.658531	-3.902166	-5.317395	-6.494481	-7.981493	-9.281910
3614623259.842000	2.227531	2.227813	2.227959	2.227875	2.228130	2.228250	0.077476	-1.037384	-2.661709	-3.901158	-5.322821	-6.503599	-7.997502	-9.289263
3614623260.344000	2.227557	2.227797	2.228005	2.227854	2.228200	2.228248	0.080479	-1.020952	-2.666327	-3.906381	-5.313097	-6.480347	-7.972918	-9.288130
3614623260.842000	2.227576	2.227755	2.228007	2.227869	2.228167	2.228239	0.077418	-1.031480	-2.661816	-3.908548	-5.327122	-6.503191	-7.992909	-9.290154
3614623261.342000	2.227548	2.227781	2.228022	2.227858	2.228145	2.228298	0.081415	-1.028001	-2.656930	-3.900270	-5.320794	-6.497529	-7.987668	-9.281722
3614623261.842000	2.227555	2.227832	2.227994	2.227923	2.228205	2.228297	0.081527	-1.029240	-2.654366	-3.895194	-5.314450	-6.492387	-7.989133	-9.278700
3614623262.342000	2.227526	2.227798	2.228059	2.227907	2.228166	2.228269	0.077480	-1.031808	-2.658777	-3.898677	-5.315067	-6.489069	-7.983551	-9.280897
3614623262.842000	2.227537	2.227819	2.228056	2.227918	2.228208	2.228312	0.077630	-1.034781	-2.663094	-3.905769	-5.321001	-6.495849	-7.989833	-9.286460
3614623263.342000	2.227520	2.227795	2.228001	2.227891	2.228205	2.228237	0.080644	-1.032931	-2.659631	-3.898847	-5.319974	-6.495220	-7.990514	-9.280887
3614623263.843000	2.227535	2.227787	2.228029	2.227896	2.228182	2.228288	0.079415	-1.028475	-2.659480	-3.903487	-5.319248	-6.494976	-7.985870	-9.281689
3614623264.343000	2.227607	2.227783	2.228013	2.227898	2.228167	2.228237	0.078535	-1.029531	-2.659952	-3.903338	-5.316836	-6.491066	-7.988672	-9.288035
3614623264.843000	2.227566	2.227807	2.228004	2.227870	2.228156	2.228220	0.077797	-1.033294	-2.664477	-3.905937	-5.320958	-6.495306	-7.989322	-9.290059
3614623265.343000	2.227531	2.227781	2.228040	2.227885	2.228188	2.228285	0.079300	-1.030483	-2.658720	-3.902815	-5.317420	-6.490191	-7.987586	-9.280246
3614623265.843000	2.227526	2.227816	2.228015	2.227895	2.228194	2.228277	0.080944	-1.029906	-2.659052	-3.902196	-5.321280	-6.493458	-7.989225	-9.283724
3614623266.343000	2.227527	2.227813	2.228040	2.227893	2.228172	2.228229	0.078135	-1.031354	-2.656010	-3.896512	-5.312225	-6.487784	-7.983039	-9.275119
3614623266.842000	2.227564	2.227814	2.228012	2.227911	2.228206	2.228211	0.078365	-1.035203	-2.661398	-3.897341	-5.315810	-6.488732	-7.989997	-9.283946
3614623267.343000	2.227590	2.227807	2.227989	2.227854	2.228192	2.228255	0.078111	-1.031907	-2.660523	-3.902541	-5.315427	-6.486409	-7.984497	-9.278536
3614623267.843000	2.227522	2.227813	2.227988	2.227881	2.228177	2.228250	0.078645	-1.030179	-2.660455	-3.904894	-5.319528	-6.490033	-7.984179	-9.279239
3614623268.343000	2.227576	2.227776	2.228017	2.227850	2.228179	2.228237	0.080799	-1.028706	-2.655097	-3.895194	-5.313877	-6.490682	-7.984248	-9.276672
3614623268.843000	2.227581	2.227751	2.227944	2.227877	2.228197	2.228245	0.079931	-1.032874	-2.655714	-3.895054	-5.313311	-6.488221	-7.992160	-9.283650
3614623269.342000	2.227486	2.227782	2.227989	2.227903	2.228156	2.228276	0.077987	-1.041673	-2.666791	-3.896959	-5.320930	-6.497239	-7.999928	-9.292007
3614623269.842000	2.227540	2.227739	2.227982	2.227858	2.228202	2.228290	0.079537	-1.034314	-2.664443	-3.901010	-5.318640	-6.488861	-7.991329	-9.281386
3614623270.342000	2.227521	2.227816	2.227955	2.227911	2.228219	2.228223	0.082400	-1.031776	-2.659884	-3.896275	-5.318180	-6.489981	-7.990693	-9.280939
3614623270.843000	2.227526	2.227780	2.227983	2.227835	2.228151	2.228245	0.078564	-1.027939	-2.657518	-3.899821	-5.313874	-6.488173	-7.985993	-9.279380
3614623271.343000	2.227517	2.227790	2.227991	2.227882	2.228146	2.228224	0.079050	-1.031572	-2.655374	-3.896173	-5.310692	-6.482333	-7.981403	-9.274138
3614623271.842000	2.227495	2.227775	2.227957	2.227861	2.228182	2.228230	0.081380	-1.033989	-2.659691	-3.895472	-5.316732	-6.490048	-7.991646	-9.281842
3614623272.342000	2.227512	2.227796	2.227987	2.227930	2.228156	2.228234	0.079092	-1.036353	-2.664047	-3.899078	-5.324928	-6.497672	-8.002841	-9.291727
3614623272.843000	2.227521	2.227823	2.228001	2.227909	2.228206	2.228241	0.083828	-1.026441	-2.652799	-3.891306	-5.310357	-6.483623	-7.984276	-9.275343
3614623273.342000	2.227514	2.227775	2.227970	2.227908	2.228168	2.228223	0.078914	-1.039607	-2.663538	-3.896848	-5.318276	-6.491735	-7.997696	-9.287656
3614623273.843000	2.227493	2.227787	2.227989	2.227917	2.228132	2.228268	0.080026	-1.032252	-2.659695	-3.894681	-5.310596	-6.480771	-7.984179	-9.276908
3614623274.343000	2.227552	2.227801	2.228009	2.227892	2.228204	2.228294	0.080154	-1.029187	-2.657635	-3.900005	-5.311534	-6.480741	-7.980302	-9.276196
3614623274.842000	2.227533	2.227770	2.228013	2.227977	2.228152	2.228247	0.083833	-1.032242	-2.657519	-3.887368	-5.314545	-6.487095	-7.986722	-9.275358
3614623275.342000	2.227527	2.227824	2.228020	2.227897	2.228148	2.228209	0.082225	-1.032465	-2.658869	-3.886564	-5.313025	-6.488389	-7.993217	-9.278462
3614623275.842000	2.227528	2.227820	2.227981	2.227912	2.228152	2.228241	0.081434	-1.032171	-2.655681	-3.886722	-5.308315	-6.479615	-7.984620	-9.274379
3614623276.342000	2.227509	2.227764	2.227993	2.227919	2.228168	2.228227	0.081605	-1.033973	-2.659295	-3.888784	-5.309571	-6.480803	-7.984622	-9.277169
3614623276.842000	2.227485	2.227786	2.227940	2.227897	2.228160	2.228206	0.083600	-1.032192	-2.662471	-3.886280	-5.313217	-6.488087	-7.991916	-9.279265
3614623277.343000	2.227535	2.227764	2.228002	2.227877	2.228087	2.228248	0.086249	-1.024130	-2.653428	-3.890205	-5.308828	-6.482134	-7.982392	-9.271052
3614623277.843000	2.227540	2.227844	2.227982	2.227881	2.228210	2.228227	0.080598	-1.035685	-2.659441	-3.890771	-5.312663	-6.484624	-7.991459	-9.281190
3614623278.342000	2.227501	2.227764	2.227945	2.227941	2.228199	2.228266	0.082547	-1.034258	-2.663540	-3.887225	-5.312276	-6.486198	-7.992269	-9.283554
3614623278.842000	2.227515	2.227796	2.227992	2.227918	2.228146	2.228232	0.081008	-1.033584	-2.663958	-3.893441	-5.315931	-6.488289	-7.996456	-9.285124
3614623279.342000	2.227502	2.227736	2.227898	2.227899	2.228160	2.228241	0.085176	-1.030907	-2.660097	-3.887830	-5.314762	-6.484898	-7.991463	-9.281853
3614623279.843000	2.227542	2.227751	2.227950	2.227867	2.228182	2.228211	0.081480	-1.029876	-2.656005	-3.888349	-5.311007	-6.484157	-7.988697	-9.277603
3614623280.343000	2.227516	2.227761	2.227993	2.227902	2.228197	2.228215	0.080459	-1.034712	-2.659512	-3.890672	-5.310126	-6.480956	-7.989103	-9.278634
3614623280.842000	2.227571	2.227819	2.227937	2.227935	2.228195	2.228231	0.080727	-1.035672	-2.663832	-3.893638	-5.315086	-6.484468	-7.991758	-9.284210
3614623281.343000	2.227545	2.227824	2.227981	2.227914	2.228178	2.228248	0.081802	-1.032901	-2.661568	-3.894152	-5.317269	-6.486918	-7.993776	-9.284961
3614623281.842000	2.227515	2.227816	2.228012	2.227903	2.228190	2.228264	0.085937	-1.029521	-2.657290	-3.886972	-5.312434	-6.487967	-7.991641	-9.279181
3614623282.342000	2.227517	2.227779	2.227916	2.227898	2.228155	2.228227	0.080341	-1.037257	-2.663473	-3.888738	-5.313503	-6.487978	-8.000154	-9.285644
3614623282.842000	2.227538	2.227786	2.227980	2.227923	2.228179	2.228267	0.080685	-1.036672	-2.669384	-3.894370	-5.319157	-6.489578	-7.999800	-9.294505
3614623283.342000	2.227495	2.227811	2.227997	2.227925	2.228197	2.228262	0.081983	-1.033551	-2.668023	-3.892212	-5.315044	-6.487334	-7.996067	-9.286979
3614623283.842000	2.227502	2.227818	2.227937	2.227901	2.228181	2.228256	0.087197	-1.027763	-2.661721	-3.885404	-5.310256	-6.483185	-7.988467	-9.279079
3614623284.342000	2.227528	2.227813	2.227987	2.227904	2.228167	2.228282	0.082575	-1.029897	-2.662944	-3.889165	-5.313628	-6.486306	-7.991986	-9.280697
3614623284.842000	2.227502	2.227801	2.228018	2.227973	2.228157	2.228260	0.082660	-1.033939	-2.666019	-3.887575	-5.314147	-6.488564	-7.998014	-9.290259
3614623285.343000	2.227553	2.227761	2.227984	2.227940	2.228158	2.228250	0.084658	-1.029192	-2.662884	-3.892298	-5.314871	-6.488950	-7.995306	-9.286010
3614623285.843000	2.227533	2.227853	2.227960	2.227896	2.228178	2.228224	0.082235	-1.029622	-2.659160	-3.888400	-5.312158	-6.481435	-7.990049	-9.278609
3614623286.342000	2.227491	2.227801	2.228008	2.227907	2.228179	2.228240	0.084463	-1.032992	-2.662655	-3.887199	-5.315110	-6.490057	-7.996695	-9.287668
3614623286.843000	2.227514	2.227817	2.227966	2.227971	2.228137	2.228302	0.082679	-1.033796	-2.664754	-3.891830	-5.315707	-6.488500	-8.001212	-9.292006
3614623287.343000	2.227566	2.227811	2.228010	2.227888	2.228215	2.228237	0.081438	-1.033700	-2.664934	-3.894777	-5.315487	-6.486135	-7.995652	-9.289753
3614623287.842000	2.227527	2.227781	2.228003	2.227918	2.228189	2.228227	0.082140	-1.034321	-2.668166	-3.895455	-5.320784	-6.493054	-8.003471	-9.295696
3614623288.342000	2.227520	2.227790	2.227971	2.227965	2.228177	2.228225	0.084589	-1.029895	-2.663095	-3.891236	-5.317913	-6.488817	-7.998210	-9.291142
3614623288.843000	2.227551	2.227782	2.227960	2.227913	2.228151	2.228225	0.083470	-1.028678	-2.660243	-3.890654	-5.314394	-6.488920	-7.996531	-9.286749
3614623289.344000	2.227517	2.227783	2.227920	2.227869	2.228158	2.228208	0.079653	-1.033986	-2.659178	-3.893808	-5.312998	-6.486716	-7.998967	-9.288249
3614623289.843000	2.227543	2.227795	2.227986	2.227922	2.228177	2.228224	0.079643	-1.039093	-2.668821	-3.894157	-5.317673	-6.489645	-8.000826	-9.293947
3614623290.343000	2.227507	2.227746	2.227951	2.227901	2.228221	2.228276	0.081469	-1.033634	-2.666923	-3.894936	-5.319085	-6.489257	-8.000714	-9.291039
3614623290.842000	2.227457	2.227762	2.227963	2.227940	2.228126	2.228224	0.082465	-1.032850	-2.669838	-3.889562	-5.317330	-6.495404	-8.004228	-9.294245
3614623291.342000	2.227485	2.227743	2.227991	2.227931	2.228189	2.228203	0.082509	-1.034877	-2.672360	-3.892611	-5.319461	-6.492469	-8.004044	-9.295161
3614623291.843000	2.227499	2.227760	2.227945	2.227893	2.228173	2.228197	0.084708	-1.030789	-2.670596	-3.893067	-5.317003	-6.490102	-7.999763	-9.294291
3614623292.342000	2.227469	2.227807	2.228023	2.227899	2.228172	2.228203	0.083785	-1.029233	-2.673444	-3.888879	-5.309046	-6.484353	-7.993279	-9.288425
3614623292.843000	2.227516	2.227829	2.227941	2.227926	2.228229	2.228266	0.085168	-1.027294	-2.664752	-3.894334	-5.318601	-6.487278	-7.996797	-9.290475
3614623293.343000	2.227540	2.227787	2.227931	2.227899	2.228194	2.228200	0.081709	-1.031310	-2.665312	-3.889215	-5.314321	-6.488698	-7.997422	-9.289996
3614623293.843000	2.227435	2.227779	2.227998	2.227962	2.228230	2.228252	0.083145	-1.031781	-2.662985	-3.883573	-5.306850	-6.478091	-7.993049	-9.282474
3614623294.343000	2.227558	2.227787	2.227916	2.227886	2.228162	2.228202	0.084324	-1.028879	-2.662554	-3.890701	-5.310524	-6.482667	-7.996563	-9.291456
3614623294.842000	2.227490	2.227798	2.227963	2.227854	2.228181	2.228241	0.083814	-1.032844	-2.671604	-3.890175	-5.317069	-6.488060	-8.000439	-9.293914
3614623295.343000	2.227484	2.227779	2.227924	2.227899	2.228198	2.228220	0.088446	-1.027498	-2.668500	-3.890278	-5.315977	-6.489754	-7.999835	-9.293391
3614623295.842000	2.227479	2.227762	2.227938	2.227911	2.228218	2.228251	0.082383	-1.034672	-2.677430	-3.892032	-5.315749	-6.491589	-8.007345	-9.301480
3614623296.342000	2.227496	2.227800	2.227965	2.227944	2.228227	2.228229	0.084517	-1.032289	-2.679087	-3.894892	-5.314928	-6.489358	-8.001770	-9.300462
3614623296.842000	2.227453	2.227790	2.227967	2.227934	2.228184	2.228235	0.083748	-1.031495	-2.682432	-3.900695	-5.320831	-6.495822	-8.009086	-9.307937
3614623297.341000	2.227515	2.227759	2.227976	2.227911	2.228206	2.228241	0.091144	-1.022847	-2.675843	-3.888415	-5.299516	-6.481126	-7.987174	-9.291058
3614623297.842000	2.227479	2.227767	2.227922	2.227880	2.228210	2.228171	0.085861	-1.024410	-2.673189	-3.891344	-5.307730	-6.484625	-7.993414	-9.289827
3614623298.343000	2.227484	2.227796	2.227903	2.227919	2.228205	2.228246	0.084597	-1.030674	-2.673801	-3.893130	-5.316270	-6.490998	-8.006611	-9.302849
3614623298.843000	2.227516	2.227777	2.227947	2.227911	2.228158	2.228206	0.086716	-1.026900	-2.672948	-3.892178	-5.313925	-6.487782	-8.002782	-9.299944
3614623299.343000	2.227463	2.227790	2.227950	2.227903	2.228179	2.228204	0.083729	-1.028953	-2.671166	-3.895543	-5.314635	-6.483467	-7.999824	-9.292396
3614623299.844000	2.227484	2.227764	2.227929	2.227898	2.228173	2.228202	0.086628	-1.028214	-2.667246	-3.892332	-5.317560	-6.487771	-8.002016	-9.295218
3614623300.343000	2.227504	2.227793	2.227987	2.227887	2.228188	2.228231	0.082698	-1.034722	-2.680317	-3.893319	-5.315680	-6.492707	-8.012523	-9.310062
3614623300.843000	2.227504	2.227845	2.227963	2.227928	2.228188	2.228232	0.083678	-1.031444	-2.681888	-3.897185	-5.314160	-6.490271	-8.007202	-9.310354
3614623301.343000	2.227552	2.227774	2.227935	2.227926	2.228203	2.228235	0.085085	-1.029298	-2.680199	-3.900921	-5.317100	-6.490931	-8.007689	-9.309692
3614623301.842000	2.227523	2.227748	2.227911	2.227929	2.228202	2.228205	0.086950	-1.026908	-2.681324	-3.895234	-5.311114	-6.488703	-8.000870	-9.305180
3614623302.342000	2.227480	2.227785	2.227929	2.227867	2.228117	2.228244	0.086299	-1.025346	-2.679818	-3.892988	-5.306988	-6.489330	-8.000881	-9.303337
3614623302.842000	2.227520	2.227780	2.227966	2.227875	2.228161	2.228223	0.084589	-1.030590	-2.682319	-3.896382	-5.308095	-6.487994	-8.003739	-9.309005
3614623303.342000	2.227481	2.227787	2.228040	2.227862	2.228148	2.228162	0.084847	-1.029775	-2.686753	-3.900978	-5.308670	-6.487716	-8.000745	-9.310639
3614623303.842000	2.227504	2.227754	2.227965	2.227882	2.228183	2.228208	0.086118	-1.028115	-2.684885	-3.899772	-5.306854	-6.485663	-7.997980	-9.303568
3614623304.333000	2.227505	2.227786	2.227965	2.227859	2.228189	2.228229	0.099162	-0.995981	-2.647354	-3.870196	-5.270445	-6.433753	-7.937030	-9.230504
3614623304.842000	2.227505	2.227807	2.227931	2.227901	2.228166	2.228236	0.083472	-1.029971	-2.671820	-3.878070	-5.298697	-6.482355	-7.989774	-9.299484
3614623305.343000	2.227543	2.227802	2.227960	2.227925	2.228202	2.228227	0.083710	-1.032394	-2.688118	-3.899923	-5.310738	-6.491262	-8.005695	-9.318208
3614623305.842000	2.227532	2.227760	2.228004	2.227901	2.228206	2.228187	0.082224	-1.032780	-2.694651	-3.911479	-5.313978	-6.499591	-8.012479	-9.324461
3614623306.342000	2.227469	2.227761	2.227981	2.227901	2.228157	2.228193	0.085918	-1.028994	-2.688257	-3.904040	-5.309796	-6.493019	-8.002915	-9.313686
3614623306.843000	2.227526	2.227803	2.228007	2.227923	2.228213	2.228232	0.086028	-1.028395	-2.681495	-3.898899	-5.310817	-6.491678	-8.005652	-9.308905
3614623307.343000	2.227504	2.227738	2.227961	2.227902	2.228177	2.228216	0.086077	-1.029708	-2.680865	-3.896025	-5.308432	-6.485283	-8.004882	-9.306888
3614623307.843000	2.227489	2.227802	2.227960	2.227886	2.228169	2.228221	0.084634	-1.030751	-2.690133	-3.903831	-5.310368	-6.488007	-8.004981	-9.314771
3614623308.342000	2.227579	2.227790	2.227934	2.227879	2.228181	2.228193	0.087045	-1.026503	-2.686681	-3.904096	-5.303188	-6.485988	-7.998049	-9.307210
3614623308.842000	2.227500	2.227753	2.227978	2.227885	2.228174	2.228157	0.089378	-1.023712	-2.684167	-3.899494	-5.302440	-6.489234	-7.999089	-9.312445
3614623309.342000	2.227520	2.227774	2.228007	2.227879	2.228188	2.228211	0.082610	-1.031348	-2.690683	-3.907300	-5.306142	-6.492818	-8.009609	-9.321045
3614623309.842000	2.227540	2.227790	2.227952	2.227903	2.228231	2.228241	0.083633	-1.032271	-2.693613	-3.908406	-5.307296	-6.492175	-8.008131	-9.325975
3614623310.342000	2.227547	2.227782	2.227980	2.227864	2.228210	2.228216	0.083555	-1.031795	-2.695611	-3.913711	-5.308900	-6.492364	-8.006065	-9.322263
3614623310.842000	2.227523	2.227775	2.227982	2.227926	2.228200	2.228267	0.084062	-1.030976	-2.695982	-3.915576	-5.313834	-6.498189	-8.011119	-9.326119
3614623311.342000	2.227542	2.227824	2.227980	2.227903	2.228229	2.228268	0.081871	-1.030710	-2.692558	-3.909855	-5.307315	-6.494193	-8.006005	-9.317358
3614623311.844000	2.227523	2.227817	2.227939	2.227924	2.228261	2.228235	0.084144	-1.032084	-2.689167	-3.906392	-5.313737	-6.494635	-8.015057	-9.321805
3614623312.343000	2.227502	2.227779	2.227970	2.227891	2.228223	2.228195	0.087313	-1.027218	-2.687259	-3.900774	-5.304140	-6.486228	-8.006540	-9.318124
3614623312.842000	2.227564	2.227801	2.228033	2.227913	2.228185	2.228225	0.084759	-1.028731	-2.691571	-3.911665	-5.301401	-6.487539	-8.000381	-9.314633
3614623313.342000	2.227542	2.227808	2.227987	2.227944	2.228214	2.228251	0.088509	-1.026921	-2.688864	-3.909310	-5.302354	-6.490563	-8.000961	-9.315364
3614623313.842000	2.227509	2.227758	2.227962	2.227851	2.228224	2.228242	0.083846	-1.031531	-2.692402	-3.912161	-5.300145	-6.489286	-8.003725	-9.318816
3614623314.343000	2.227496	2.227766	2.227967	2.227886	2.228229	2.228284	0.082972	-1.032835	-2.694908	-3.912567	-5.302486	-6.489594	-8.004359	-9.324708
3614623314.843000	2.227523	2.227783	2.227991	2.227916	2.228161	2.228246	0.083728	-1.030679	-2.695467	-3.915396	-5.308408	-6.491900	-8.008162	-9.325190
3614623315.343000	2.227531	2.227757	2.227994	2.227885	2.228219	2.228281	0.085376	-1.028863	-2.693760	-3.913770	-5.308613	-6.493563	-8.006308	-9.322313
3614623315.842000	2.227506	2.227792	2.227975	2.227924	2.228215	2.228282	0.084142	-1.029549	-2.692546	-3.912699	-5.305040	-6.496308	-8.007236	-9.321272
3614623316.342000	2.227576	2.227751	2.227992	2.227893	2.228229	2.228242	0.082285	-1.037349	-2.696985	-3.920554	-5.306834	-6.496204	-8.012174	-9.326738
3614623316.843000	2.227518	2.227804	2.228034	2.227892	2.228190	2.228271	0.082586	-1.034073	-2.696570	-3.914867	-5.303803	-6.489631	-8.005407	-9.324147
3614623317.342000	2.227527	2.227828	2.227956	2.227929	2.228224	2.228242	0.086260	-1.028731	-2.690355	-3.913002	-5.296415	-6.479342	-7.993145	-9.305143
3614623317.842000	2.227531	2.227765	2.227983	2.227867	2.228194	2.228251	0.090737	-1.025102	-2.686449	-3.909738	-5.293314	-6.478339	-7.989245	-9.303472
3614623318.342000	2.227525	2.227740	2.227994	2.227916	2.228203	2.228215	0.085122	-1.031793	-2.691641	-3.915073	-5.301489	-6.489466	-8.005914	-9.320384
3614623318.842000	2.227520	2.227759	2.228014	2.227892	2.228185	2.228302	0.084843	-1.034278	-2.698974	-3.923651	-5.303128	-6.490477	-8.003125	-9.319678
3614623319.342000	2.227575	2.227796	2.227934	2.227903	2.228239	2.228235	0.083518	-1.031717	-2.694581	-3.920651	-5.302557	-6.488625	-8.005527	-9.320705
3614623319.842000	2.227565	2.227780	2.227955	2.227862	2.228245	2.228227	0.085154	-1.033748	-2.696102	-3.922676	-5.307767	-6.492010	-8.005656	-9.319406
3614623320.343000	2.227514	2.227785	2.228002	2.227916	2.228204	2.228258	0.083289	-1.032284	-2.694105	-3.915842	-5.303702	-6.493996	-8.005799	-9.322507
3614623320.842000	2.227536	2.227770	2.228002	2.227882	2.228227	2.228252	0.082897	-1.035949	-2.696889	-3.920908	-5.303526	-6.490878	-8.008031	-9.321879
3614623321.342000	2.227548	2.227806	2.227982	2.227898	2.228234	2.228211	0.083299	-1.035052	-2.700226	-3.925534	-5.304947	-6.489767	-8.004831	-9.322541
3614623321.842000	2.227552	2.227749	2.227916	2.227911	2.228240	2.228221	0.085151	-1.033142	-2.697295	-3.927461	-5.307071	-6.489888	-8.004213	-9.315116
3614623322.343000	2.227547	2.227749	2.227997	2.227946	2.228213	2.228235	0.089326	-1.027145	-2.690370	-3.916738	-5.302672	-6.491728	-8.004539	-9.318544
3614623322.842000	2.227563	2.227758	2.227973	2.227912	2.228176	2.228260	0.084875	-1.033436	-2.694757	-3.924681	-5.305639	-6.491652	-8.010139	-9.319370
3614623323.342000	2.227544	2.227779	2.227966	2.227904	2.228252	2.228276	0.084008	-1.037021	-2.699217	-3.927888	-5.309850	-6.495717	-8.015192	-9.331107
3614623323.842000	2.227566	2.227802	2.227963	2.227897	2.228209	2.228246	0.083634	-1.035523	-2.702324	-3.931428	-5.310013	-6.494096	-8.012239	-9.326598
3614623324.343000	2.227554	2.227785	2.227978	2.227864	2.228230	2.228221	0.084648	-1.033580	-2.697883	-3.929255	-5.312005	-6.495839	-8.013700	-9.326787
3614623324.842000	2.227547	2.227804	2.227928	2.227913	2.228169	2.228271	0.086309	-1.034348	-2.697429	-3.932756	-5.312388	-6.495379	-8.008486	-9.313847
3614623325.342000	2.227586	2.227782	2.227965	2.227856	2.228192	2.228239	0.089682	-1.032036	-2.688756	-3.920450	-5.301528	-6.484601	-8.004451	-9.310172
3614623325.842000	2.227586	2.227749	2.227989	2.227882	2.228190	2.228278	0.089082	-1.031864	-2.693442	-3.921270	-5.301106	-6.485174	-8.002782	-9.316016
3614623326.342000	2.227576	2.227740	2.227943	2.227881	2.228198	2.228242	0.085425	-1.034478	-2.696485	-3.928586	-5.307475	-6.488624	-8.007309	-9.316328
3614623326.842000	2.227540	2.227759	2.227946	2.227841	2.228204	2.228235	0.091332	-1.029938	-2.689619	-3.919704	-5.301943	-6.482345	-8.001252	-9.311498
3614623327.342000	2.227554	2.227753	2.227956	2.227871	2.228194	2.228232	0.087744	-1.031959	-2.693687	-3.924976	-5.304002	-6.485071	-8.005554	-9.312379
3614623327.842000	2.227564	2.227830	2.227951	2.227917	2.228187	2.228299	0.087495	-1.035441	-2.698685	-3.933118	-5.310721	-6.489160	-8.010751	-9.323992
3614623328.343000	2.227521	2.227739	2.227949	2.227880	2.228158	2.228246	0.083855	-1.034074	-2.695795	-3.920317	-5.300262	-6.484993	-8.004819	-9.320857
3614623328.843000	2.227518	2.227741	2.227963	2.227951	2.228167	2.228272	0.085930	-1.032520	-2.695412	-3.925215	-5.305394	-6.487577	-8.007581	-9.319230
3614623329.342000	2.227537	2.227764	2.227940	2.227903	2.228224	2.228252	0.090338	-1.030091	-2.691158	-3.925026	-5.302692	-6.485457	-8.002792	-9.309671
3614623329.842000	2.227591	2.227783	2.227952	2.227922	2.228184	2.228277	0.086598	-1.037363	-2.694753	-3.927835	-5.306897	-6.484340	-8.008393	-9.315935
3614623330.342000	2.227580	2.227739	2.227956	2.227856	2.228183	2.228262	0.090414	-1.032684	-2.695258	-3.929278	-5.310143	-6.483556	-8.005437	-9.312945
3614623330.842000	2.227576	2.227807	2.227940	2.227864	2.228205	2.228227	0.089079	-1.032247	-2.692044	-3.923620	-5.301756	-6.475649	-7.998012	-9.305272
3614623331.344000	2.227527	2.227797	2.227954	2.227881	2.228216	2.228245	0.087748	-1.031797	-2.690122	-3.919173	-5.299706	-6.479893	-8.000154	-9.311442
3614623331.843000	2.227554	2.227782	2.227920	2.227841	2.228140	2.228239	0.086717	-1.032269	-2.693301	-3.924675	-5.304087	-6.485184	-8.006773	-9.316478
3614623332.343000	2.227634	2.227772	2.227946	2.227892	2.228185	2.228242	0.091106	-1.031874	-2.692218	-3.926587	-5.306036	-6.477614	-8.001761	-9.309229
3614623332.842000	2.227512	2.227832	2.227962	2.227840	2.228153	2.228261	0.092314	-1.029715	-2.690672	-3.928746	-5.313171	-6.479796	-8.002527	-9.307292
3614623333.343000	2.227518	2.227728	2.227935	2.227895	2.228206	2.228269	0.091048	-1.031682	-2.689902	-3.922745	-5.309516	-6.479460	-8.003765	-9.309296
3614623333.843000	2.227591	2.227729	2.227937	2.227887	2.228185	2.228255	0.091928	-1.029965	-2.687390	-3.916500	-5.298521	-6.477685	-8.001521	-9.308635
3614623334.343000	2.227612	2.227746	2.227939	2.227909	2.228195	2.228236	0.089440	-1.034129	-2.693337	-3.924889	-5.302615	-6.479268	-8.007195	-9.312145
3614623334.843000	2.227553	2.227816	2.227926	2.227871	2.228195	2.228283	0.090053	-1.034349	-2.696852	-3.932240	-5.312240	-6.484066	-8.012037	-9.323436
3614623335.342000	2.227532	2.227796	2.227920	2.227848	2.228198	2.228226	0.092727	-1.030044	-2.693280	-3.929684	-5.316550	-6.478379	-8.001586	-9.306144
3614623335.842000	2.227558	2.227758	2.227952	2.227861	2.228183	2.228229	0.100412	-1.019381	-2.679492	-3.912940	-5.307005	-6.471187	-7.991920	-9.296192
3614623336.343000	2.227586	2.227797	2.227987	2.227866	2.228182	2.228261	0.090684	-1.028823	-2.686506	-3.918865	-5.309206	-6.477167	-8.002532	-9.306474
3614623336.842000	2.227549	2.227798	2.227944	2.227887	2.228172	2.228273	0.093744	-1.029808	-2.688770	-3.918809	-5.313580	-6.474892	-7.997336	-9.307358
3614623337.342000	2.227566	2.227796	2.227929	2.227901	2.228204	2.228317	0.093901	-1.022979	-2.688706	-3.920062	-5.319719	-6.476612	-7.991256	-9.301420
3614623337.842000	2.227542	2.227785	2.227938	2.227882	2.228123	2.228239	0.094761	-1.026213	-2.686098	-3.918610	-5.316763	-6.478233	-7.999910	-9.307007
3614623338.343000	2.227525	2.227785	2.227918	2.227933	2.228224	2.228302	0.095000	-1.025940	-2.686046	-3.917152	-5.315179	-6.481091	-8.001114	-9.306952
3614623338.842000	2.227496	2.227793	2.228001	2.227881	2.228213	2.228272	0.092753	-1.029552	-2.687679	-3.917793	-5.317604	-6.478408	-8.001565	-9.307254
3614623339.342000	2.227573	2.227741	2.227935	2.227882	2.228182	2.228274	0.096353	-1.023409	-2.686482	-3.917431	-5.317710	-6.477786	-7.999473	-9.311199
3614623339.843000	2.227569	2.227787	2.227928	2.227895	2.228192	2.228271	0.092946	-1.027070	-2.686281	-3.917964	-5.312454	-6.472598	-7.996868	-9.305479
3614623340.343000	2.227549	2.227785	2.227895	2.227907	2.228285	2.228289	0.097958	-1.022869	-2.680685	-3.910893	-5.308388	-6.465424	-7.985085	-9.291174
3614623340.842000	2.227543	2.227760	2.227960	2.227919	2.228205	2.228261	0.095233	-1.018791	-2.681296	-3.910176	-5.313862	-6.470750	-7.986457	-9.293257
3614623341.343000	2.227551	2.227828	2.227908	2.227897	2.228164	2.228277	0.093873	-1.026511	-2.683077	-3.912675	-5.311485	-6.469386	-7.992332	-9.303003
3614623341.842000	2.227539	2.227807	2.227975	2.227912	2.228229	2.228299	0.094375	-1.022545	-2.686299	-3.915817	-5.318724	-6.474095	-7.991361	-9.304314
3614623342.342000	2.227585	2.227809	2.227947	2.227906	2.228162	2.228255	0.095649	-1.020942	-2.684032	-3.915120	-5.320613	-6.477131	-7.992480	-9.300761
3614623342.842000	2.227488	2.227802	2.227994	2.227906	2.228157	2.228324	0.094130	-1.018121	-2.682881	-3.912204	-5.322385	-6.481158	-7.988651	-9.297412
3614623343.342000	2.227547	2.227785	2.227920	2.227904	2.228195	2.228266	0.094239	-1.021611	-2.682433	-3.910125	-5.320985	-6.478450	-7.989508	-9.298259
3614623343.842000	2.227533	2.227806	2.227928	2.227916	2.228183	2.228303	0.094273	-1.020011	-2.686297	-3.911409	-5.320055	-6.476798	-7.985126	-9.301279
3614623344.342000	2.227587	2.227793	2.227967	2.227866	2.228166	2.228268	0.095435	-1.021277	-2.682746	-3.913043	-5.314370	-6.471232	-7.989365	-9.299922
3614623344.843000	2.227537	2.227748	2.227967	2.227892	2.228192	2.228261	0.096358	-1.020659	-2.680834	-3.910804	-5.315068	-6.468997	-7.986701	-9.296181
3614623345.342000	2.227557	2.227804	2.227935	2.227946	2.228234	2.228242	0.094720	-1.014958	-2.680686	-3.910032	-5.322768	-6.479063	-7.987408	-9.296529
3614623345.842000	2.227607	2.227832	2.227876	2.227876	2.228213	2.228232	0.095181	-1.019073	-2.682365	-3.911073	-5.321931	-6.478713	-7.989980	-9.304127
3614623346.343000	2.227494	2.227812	2.227934	2.227909	2.228158	2.228297	0.093961	-1.021106	-2.685337	-3.915283	-5.322190	-6.479149	-7.995329	-9.310163
3614623346.842000	2.227594	2.227807	2.227928	2.227861	2.228200	2.228268	0.096760	-1.012748	-2.677578	-3.907288	-5.321352	-6.475140	-7.980358	-9.293056
3614623347.343000	2.227545	2.227843	2.227944	2.227890	2.228239	2.228283	0.097658	-1.017320	-2.679216	-3.907198	-5.316393	-6.474757	-7.985923	-9.297668
3614623347.843000	2.227539	2.227769	2.227934	2.227911	2.228208	2.228283	0.094419	-1.022726	-2.683693	-3.911973	-5.318615	-6.475482	-7.996005	-9.305984
3614623348.342000	2.227484	2.227790	2.227937	2.227943	2.228247	2.228255	0.094083	-1.014619	-2.682533	-3.910220	-5.322409	-6.476985	-7.980930	-9.298818
3614623348.842000	2.227551	2.227813	2.227970	2.227907	2.228179	2.228267	0.094829	-1.013434	-2.680158	-3.910434	-5.322554	-6.476090	-7.977813	-9.292141
3614623349.342000	2.227552	2.227803	2.227916	2.227895	2.228194	2.228278	0.100610	-1.010470	-2.677246	-3.906039	-5.320016	-6.472094	-7.976899	-9.291049
3614623349.842000	2.227554	2.227849	2.227945	2.227898	2.228197	2.228264	0.095063	-1.014820	-2.682623	-3.911307	-5.324926	-6.479659	-7.987893	-9.299720
3614623350.342000	2.227551	2.227782	2.227909	2.227903	2.228205	2.228285	0.097243	-1.017616	-2.683386	-3.910004	-5.320964	-6.473633	-7.985757	-9.302532
3614623350.843000	2.227585	2.227797	2.228002	2.227864	2.228211	2.228306	0.098294	-1.015410	-2.683621	-3.908562	-5.314904	-6.465877	-7.980333	-9.297241
3614623351.342000	2.227542	2.227818	2.227926	2.227883	2.228181	2.228257	0.098209	-1.006292	-2.677368	-3.906282	-5.322362	-6.471797	-7.974018	-9.291430
3614623351.842000	2.227491	2.227819	2.227968	2.227897	2.228197	2.228255	0.099010	-1.008523	-2.678921	-3.906653	-5.322635	-6.475935	-7.978900	-9.295480
3614623352.342000	2.227526	2.227792	2.228002	2.227899	2.228235	2.228239	0.096096	-1.011470	-2.678970	-3.905786	-5.323502	-6.477932	-7.981519	-9.297688
3614623352.843000	2.227545	2.227850	2.227975	2.227856	2.228229	2.228251	0.097904	-1.015431	-2.686365	-3.914578	-5.326162	-6.480365	-7.992773	-9.313145
3614623353.342000	2.227548	2.227841	2.227918	2.227870	2.228225	2.228231	0.097387	-1.007576	-2.679003	-3.909705	-5.323676	-6.474445	-7.978001	-9.295509
3614623353.842000	2.227598	2.227833	2.228013	2.227849	2.228209	2.228263	0.098183	-1.004460	-2.673880	-3.903841	-5.323303	-6.478038	-7.973275	-9.293217
3614623354.343000	2.227574	2.227777	2.227929	2.227814	2.228232	2.228272	0.094802	-1.012981	-2.680618	-3.907869	-5.320980	-6.475168	-7.981162	-9.297653
3614623354.842000	2.227521	2.227813	2.227968	2.227829	2.228221	2.228237	0.095142	-1.010028	-2.678366	-3.906556	-5.322905	-6.474962	-7.974473	-9.294589
3614623355.342000	2.227552	2.227851	2.228012	2.227869	2.228158	2.228242	0.094869	-1.013493	-2.683539	-3.912226	-5.327029	-6.477281	-7.979903	-9.303555
3614623355.842000	2.227576	2.227812	2.227987	2.227916	2.228229	2.228225	0.094684	-1.007417	-2.678407	-3.909928	-5.329279	-6.483273	-7.978470	-9.298534
3614623356.342000	2.227533	2.227809	2.227965	2.227880	2.228225	2.228218	0.098878	-1.006832	-2.675756	-3.906102	-5.324509	-6.480380	-7.979894	-9.299195
3614623356.842000	2.227565	2.227844	2.227961	2.227887	2.228226	2.228218	0.092534	-1.013996	-2.681250	-3.909799	-5.327758	-6.481797	-7.986891	-9.306263
3614623357.344000	2.227555	2.227793	2.227950	2.227892	2.228262	2.228266	0.095617	-1.021172	-2.688152	-3.916066	-5.325652	-6.479798	-7.995791	-9.315019
3614623357.843000	2.227530	2.227832	2.227960	2.227885	2.228214	2.228272	0.095308	-1.008868	-2.681305	-3.912335	-5.326690	-6.477835	-7.979701	-9.301577
3614623358.343000	2.227540	2.227791	2.227945	2.227892	2.228221	2.228287	0.095941	-1.013491	-2.684569	-3.916160	-5.331875	-6.482275	-7.990011	-9.309364
3614623358.843000	2.227561	2.227844	2.227952	2.227876	2.228240	2.228271	0.095308	-1.004681	-2.673704	-3.902272	-5.321471	-6.475849	-7.973480	-9.292189
3614623359.342000	2.227486	2.227776	2.228005	2.227861	2.228213	2.228216	0.092108	-1.005295	-2.667497	-3.897753	-5.317626	-6.478755	-7.964437	-9.288330
3614623359.842000	2.227542	2.227843	2.227983	2.227890	2.228171	2.228288	0.091172	-1.008996	-2.673716	-3.903786	-5.319604	-6.474781	-7.967919	-9.291430
3614623360.342000	2.227568	2.227803	2.227963	2.227864	2.228183	2.228229	0.091719	-1.009555	-2.673979	-3.905537	-5.322868	-6.478400	-7.971437	-9.292634
3614623360.842000	2.227545	2.227783	2.227957	2.227865	2.228221	2.228300	0.092229	-1.004184	-2.665959	-3.897353	-5.317303	-6.480255	-7.963450	-9.285882
3614623361.344000	2.227554	2.227822	2.227976	2.227849	2.228200	2.228312	0.094280	-1.018275	-2.682702	-3.909880	-5.318852	-6.474420	-7.987655	-9.303454
3614623361.843000	2.227469	2.227837	2.227997	2.227935	2.228208	2.228239	0.093355	-1.006497	-2.675858	-3.904862	-5.323058	-6.476757	-7.970677	-9.297873
3614623362.335000	2.227530	2.227790	2.227970	2.227934	2.228214	2.228223	0.078299	-1.038090	-2.676100	-3.879015	-5.311713	-6.516077	-8.023119	-9.304102
3614623362.842000	2.227500	2.227803	2.227997	2.227849	2.228182	2.228230	0.095869	-0.997465	-2.667258	-3.908028	-5.316096	-6.468294	-7.951400	-9.275781
3614623363.343000	2.227548	2.227792	2.227991	2.227845	2.228158	2.228261	0.087928	-1.006588	-2.670483	-3.903828	-5.318857	-6.474511	-7.964306	-9.286366
3614623363.842000	2.227489	2.227797	2.227992	2.227858	2.228273	2.228282	0.091044	-1.007120	-2.664369	-3.895966	-5.311490	-6.471204	-7.957330	-9.278217
3614623364.343000	2.227532	2.227806	2.227956	2.227861	2.228239	2.228227	0.087960	-1.010856	-2.673126	-3.903512	-5.319094	-6.475679	-7.962625	-9.288674
